0 0.3 
1.5995 0.435853
0.008 0.319411
1.59935 0.433898
0.016 0.338234
1.5991 0.431002
0.024 0.356468
1.59869 0.427182
0.032 0.374114
1.59809 0.422459 
0.04 0.391171
1.59723 0.416857
0.048 0.407639
1.59604 0.410408
0.056 0.423519 
1.59444 0.403153
0.064 0.43881
1.59233 0.395139
0.072 0.453513
1.58963 0.386429
0.08 0.467627
1.58624 0.377095
0.088 0.481152
1.58207 0.367228
0.096 0.494089
1.57703 0.35693 
0.104 0.506437
1.57103 0.346322
0.112 0.518197
1.56401 0.335539
0.12 0.529368
1.55591 0.324732
0.128 0.53995
1.5467 0.314062 
0.136 0.549944
1.53637 0.303699
0.144 0.559349
1.52493 0.293819
0.152 0.568166
1.51243 0.284593
0.16 0.576394
1.49895 0.276191
0.168 0.584033
1.48458 0.268765 
0.176 0.591084
1.46946 0.262451
0.184 0.597546
1.45375 0.257359
0.192 0.60342
1.43762 0.25357
0.2 0.608705 
1.42126 0.251133
0.208 0.613401
1.40485 0.250059
0.216 0.617509
1.38859 0.250326
0.224 0.621028
1.37266 0.251878
0.232 0.623959
1.35723 0.254626
0.24 0.626301 
1.34245 0.258457
0.248 0.628054
1.32845 0.263236
0.256 0.629219
1.31533 0.268809
0.264 0.629795
1.30315 0.275017
0.272 0.629783
1.29196 0.281694
0.28 0.629182 
1.28178 0.288677
0.288 0.627992
1.27262 0.295807
0.296 0.626214
1.26445 0.302937
0.304 0.623847
1.25724 0.30993
0.312 0.620892 
1.25093 0.316663
0.32 0.617348
1.24547 0.323028
0.328 0.613215
1.24081 0.328932
0.336 0.608494
1.23687 0.334297
0.344 0.603184
1.23359 0.339058
0.352 0.597286
1.23093 0.343164 
0.36 0.590799
1.22882 0.346575
0.368 0.583723
1.22722 0.349263
0.376 0.576059
1.2261 0.351208
0.384 0.567806
1.22543 0.3524 
0.392 0.558965
1.22519 0.352837
0.4 0.549535
1.22536 0.352525
0.408 0.539516
1.22595 0.351475
0.416 0.528909
1.22696 0.349707 
0.424 0.517713
1.22841 0.347246
0.432 0.505929
1.23032 0.344127
0.44 0.493556
1.23271 0.340388
0.448 0.480594
1.23562 0.336078
0.456 0.467044
1.23907 0.331252
0.464 0.452905 
1.2431 0.325972
0.472 0.438178
1.24775 0.32031
0.48 0.422862
1.25304 0.314343
0.488 0.406957
1.259 0.308156
0.496 0.390464 
1.26565 0.30184
0.504 0.373382
1.27301 0.295493
0.512 0.355712
1.28106 0.289214
0.52 0.337453
1.28979 0.283104
0.528 0.318605
1.29919 0.277265
0.536 0.299169
1.30921 0.271793 
0.544 0.279144
1.3198 0.266782
0.552 0.258531
1.3309 0.262316
0.56 0.237329
1.34242 0.258467
0.568 0.215538
1.35429 0.255295
0.576 0.193159
1.36639 0.252845
0.584 0.170191 
1.37863 0.251145
0.592 0.146635
1.3909 0.250207
0.6 0.12249
1.40309 0.250024
0.608 0.0977564
1.41511 0.250572
0.616 0.0724342
1.42685 0.25181
0.624 0.0465234 
1.43822 0.253686
0.631534 0.067252
1.44915 0.256133
0.639067 0.0873921
1.45956 0.259074
0.646601 0.106944
1.4694 0.262425
0.654134 0.125906
1.47861 0.266099 
0.661668 0.144281
1.48718 0.270003
0.669202 0.162066
1.49508 0.274048
0.676735 0.179263
1.5023 0.278144
0.684269 0.195872
1.50884 0.282209
0.691802 0.211892 
1.5147 0.286161
0.699336 0.227323
1.51991 0.289929
0.70687 0.242165
1.52446 0.293448
0.714403 0.256419
1.5284 0.29666
0.721937 0.270085
1.53174 0.299516
0.72947 0.283162
1.53449 0.301975 
0.737004 0.29565
1.53669 0.304004
0.744538 0.30755
1.53836 0.305578
0.752071 0.318861
1.5395 0.306679
0.759605 0.329583
1.54013 0.307299
0.767139 0.339717
1.54027 0.307434
0.774672 0.349262
1.53991 0.307088
0.782206 0.358219
1.53908 0.306272 
0.789739 0.366587
1.53775 0.305003
0.797273 0.374366
1.53594 0.303305
0.804807 0.381557
1.53364 0.301207
0.81234 0.388159
1.53085 0.298743
0.819874 0.394173
1.52755 0.295955
0.827407 0.399598
1.52375 0.292886 
0.834941 0.404435
1.51945 0.289586
0.842475 0.408682
1.51463 0.286109
0.850008 0.412342
1.5093 0.282511
0.857542 0.415412
1.50348 0.278852
0.865075 0.417894
1.49717 0.275192 
0.872609 0.419788
1.49039 0.271591
0.880143 0.421093
1.48316 0.268109
0.887676 0.421809
1.47552 0.264805
0.89521 0.421936 
1.46749 0.261732
0.902743 0.421475
1.45913 0.258942
0.910277 0.420426
1.45049 0.256477
0.917811 0.418788
1.44161 0.254376
0.925344 0.416561 
1.43255 0.252667
0.932878 0.413746
1.42339 0.251372
0.940411 0.410342
1.41417 0.250503
0.947945 0.406349
1.40497 0.250062
0.955479 0.401768
1.39586 0.250043
0.963012 0.396598 
1.38688 0.250431
0.970546 0.39084
1.37811 0.251202
0.978079 0.384493
1.36959 0.252326
0.985613 0.377557
1.36138 0.253764
0.993147 0.370033
1.35352 0.255476
1.00068 0.36192 
1.34605 0.257413
1.00821 0.353219
1.33901 0.259528
1.01575 0.343929
1.33241 0.261768
1.02328 0.334051
1.32628 0.264082
1.03081 0.323583
1.32064 0.266421
1.03835 0.312528 
1.31549 0.268734
1.04588 0.300883
1.31083 0.270977
1.05342 0.28865
1.30668 0.273105
1.06095 0.275829
1.30303 0.27508
1.06848 0.262419
1.29987 0.276868
1.07602 0.24842
1.29721 0.278437
1.08355 0.233832 
1.29503 0.279764
1.09108 0.218656
1.29332 0.280828
1.09862 0.202892
1.29208 0.281614
1.10615 0.186539
1.29131 0.282113 
1.11368 0.169597
1.29099 0.28232
1.12122 0.152067
1.29112 0.282234
1.12875 0.133948
1.2917 0.281863 
1.13629 0.11524
1.29271 0.281213
1.14382 0.095944
1.29416 0.280301
1.15135 0.0760592 
1.29604 0.279144
1.15889 0.0555858
1.29834 0.277763
1.16642 0.0345239
1.30106 0.276184
1.17357 0.0513734
1.3042 0.274436
1.18073 0.0676344
1.30774 0.27255
1.18788 0.0833068
1.31168 0.270558
1.19504 0.0983906 
1.316 0.268495
1.20219 0.112886
1.32069 0.266398
1.20935 0.126792
1.32573 0.264301
1.2165 0.14011
1.3311 0.262242
1.22366 0.15284 
1.33678 0.260255
1.23081 0.16498
1.34274 0.258372
1.23796 0.176533 
1.34895 0.256625
1.24512 0.187496
1.35538 0.255042
1.25227 0.197871
1.36198 0.253646
1.25943 0.207657
1.36874 0.252459
1.26658 0.216855
1.37559 0.251495
1.27374 0.225464 
1.3825 0.250767
1.28089 0.233485
1.38944 0.250279
1.28805 0.240917
1.39635 0.250033 
1.2952 0.24776 
1.4032 0.250026
1.30235 0.254015
1.40994 0.250247
1.30951 0.259681
1.41654 0.250685
1.31666 0.264759
1.42296 0.251322
1.32382 0.269248 
1.42917 0.252138
1.33097 0.273148
1.43513 0.253109
1.33813 0.27646
1.44081 0.254208 
1.34528 0.279183
1.4462 0.255409
1.35244 0.281318 
1.45127 0.256682
1.35959 0.282864
1.456 0.257999
1.34247 0.290038 
1.46072 0.25944
1.32536 0.296625 
1.46507 0.26088
1.30824 0.302622
1.46903 0.26229 
1.29112 0.308031
1.4726 0.263641 
1.27401 0.312851
1.47577 0.264908
1.25689 0.317083
1.47854 0.266066
1.23977 0.320726 
1.48091 0.267096
1.22265 0.323781
1.48287 0.267978
1.20554 0.326247
1.48444 0.2687
1.18842 0.328124 
1.48561 0.269249
1.1713 0.329413
1.48638 0.269618
1.15419 0.330113
1.48677 0.269802 
1.13707 0.330225
1.48677 0.269802
1.11995 0.329748
1.48638 0.269618 
1.10284 0.328682
1.48563 0.269256
1.08572 0.327028 
1.4845 0.268726
1.0686 0.324785
1.483 0.268038 
1.05148 0.321954
1.48116 0.267205
1.03437 0.318534 
1.47896 0.266246
1.01725 0.314525
1.47642 0.265176 
1.00013 0.309928
1.47356 0.264017
0.983017 0.304742
1.47037 0.26279
0.9659 0.298968
1.46689 0.261517
0.948783 0.292605
1.46311 0.26022
0.931666 0.285653
1.45907 0.258922
0.914549 0.278113
1.45477 0.257646 
0.897432 0.269984
1.45024 0.256413
0.880315 0.261267
1.4455 0.255245
0.863198 0.25196 
1.44058 0.25416
0.846081 0.242066
1.4355 0.253176
0.828964 0.231583
1.43029 0.252307
0.811847 0.220511
1.42497 0.251565
0.79473 0.20885
1.41959 0.250961
0.777613 0.196601
1.41416 0.250502
0.760496 0.183764
1.40872 0.25019
0.743379 0.170338
1.4033 0.250027
0.726262 0.156323 
1.39792 0.250011
0.709145 0.141719
1.39263 0.250136
0.692028 0.126527
1.38745 0.250394
0.674911 0.110747
1.38239 0.250776
0.657794 0.0943774 
1.3775 0.251269
0.640677 0.0774195
1.37279 0.251859
0.62356 0.0598731
1.36829 0.25253
0.606443 0.0417381
1.36401 0.253265 
0.589653 0.0562461
1.35997 0.254047
0.572862 0.0701655
1.35619 0.254857
0.556071 0.0834964 
1.35268 0.255678
0.539281 0.0962386
1.34945 0.256493
0.52249 0.108392
1.34652 0.257284
0.5057 0.119957
1.34388 0.258035
0.488909 0.130934
1.34155 0.258732 
0.472119 0.141321
1.33952 0.259362
0.455328 0.151121
1.33781 0.259914
0.438538 0.160331
1.33642 0.260377
0.421747 0.168953
1.33533 0.260743
0.404956 0.176987
1.33456 0.261008 
0.388166 0.184432
1.3341 0.261168
0.371375 0.191288
1.33395 0.26122
0.354585 0.197555
1.33411 0.261165 
0.337794 0.203234
1.33457 0.261006
0.321004 0.208325
1.33532 0.260746
0.304213 0.212827
1.33637 0.260392 
0.287422 0.21674
1.3377 0.259952
0.270632 0.220065
1.3393 0.259433
0.253841 0.222801
1.34117 0.258847
0.237051 0.224948 
1.3433 0.258206
0.22026 0.226507
1.34567 0.25752
0.20347 0.227477
1.34828 0.256802
0.186679 0.227859 
1.35111 0.256067
0.169889 0.227652
1.35415 0.255327
0.153098 0.226856
1.35738 0.254595
0.136307 0.225472
1.36078 0.253884 
0.119517 0.223499
1.36434 0.253205
0.102726 0.220938
1.36804 0.252571
0.0859358 0.217788
1.37185 0.25199
0.0691452 0.214049
1.37577 0.251473
0.0523546 0.209722
1.37976 0.251026
0.0355641 0.204806
1.38381 0.250656
0.0187735 0.199302
1.3879 0.250366
0.00198294 0.193209 
1.392 0.25016
-0.0148076 0.186527
1.39609 0.250038 
-0.0315982 0.179257
1.40014 0.25
-0.0483887 0.171398 
1.40415 0.250043
-0.0651793 0.162951
1.40809 0.250164
-0.0819699 0.153915 
1.41193 0.250356
-0.0987604 0.14429
1.41566 0.250614
-0.115551 0.134077
1.41927 0.25093
-0.132342 0.123275
1.42273 0.251296
-0.149132 0.111885
1.42603 0.251701
-0.165923 0.099906
1.42916 0.252137
-0.182713 0.0873385 
1.4321 0.252592
-0.199504 0.0741823
1.43484 0.253058
-0.216294 0.0604375
1.43737 0.253523
-0.233085 0.0461041
1.43969 0.253978
-0.249617 0.0575708
1.44179 0.254414
-0.26615 0.0684489
1.44365 0.254822
-0.282683 0.0787384 
1.44528 0.255194
-0.299215 0.0884393
1.44668 0.255523
-0.315748 0.0975516
1.44783 0.255803 
-0.33228 0.106075
1.44874 0.25603
-0.348813 0.11401
1.44941 0.256199
-0.365345 0.121357 
1.44983 0.256308
-0.381878 0.128115
1.45002 0.256355
-0.398411 0.134284
1.44996 0.256341 
-0.414943 0.139865
1.44967 0.256267 
-0.431476 0.144857
1.44915 0.256134
-0.448008 0.14926 
1.44841 0.255947
-0.464541 0.153075
1.44744 0.255708 
-0.481073 0.156302
1.44626 0.255424
-0.497606 0.158939
1.44487 0.255099
-0.514138 0.160988 
1.44329 0.254741
-0.530671 0.162449
1.44151 0.254356
-0.547204 0.163321
1.43956 0.253951 
-0.563736 0.163604
1.43743 0.253534
-0.580269 0.163299
1.43515 0.253114 
-0.596801 0.162405
1.43273 0.252696 
-0.613334 0.160923
1.43017 0.252288
-0.629866 0.158851
1.42749 0.251899
-0.646399 0.156192
1.42471 0.251532
-0.662932 0.152943
1.42184 0.251196
-0.679464 0.149107
1.41889 0.250894 
-0.695997 0.144681
1.41589 0.250632
-0.712529 0.139667
1.41284 0.250413
-0.729062 0.134064
1.40977 0.250239
-0.745594 0.127873
1.40668 0.250112
-0.762127 0.121093
1.4036 0.250032 
-0.778659 0.113725
1.40054 0.250001
-0.795192 0.105767
1.39751 0.250016
-0.811725 0.0972217
1.39453 0.250075 
-0.828257 0.0880874
1.39162 0.250176 
-0.84479 0.0783646
1.38879 0.250314
-0.861322 0.0680531
1.38605 0.250487
-0.877855 0.057153
1.38341 0.250689
-0.894387 0.0456643 
1.38089 0.250915
-0.910713 0.0548552
1.3785 0.251159
-0.927039 0.0634576
1.37625 0.251415 
-0.943365 0.0714713
1.37414 0.251679
-0.95969 0.0788965
1.37218 0.251944
-0.976016 0.085733
1.37039 0.252204
-0.992342 0.091981
1.36876 0.252454
-1.00867 0.0976404
1.36731 0.25269
-1.02499 0.102711 
1.36603 0.252906
-1.04132 0.107193
1.36494 0.253098
-1.05765 0.111087 
1.36402 0.253263
-1.07397 0.114392
1.36329 0.253397
-1.0903 0.117108
1.36275 0.2535
-1.10662 0.119236 
1.36239 0.253568
-1.12295 0.120775
1.36222 0.253601
-1.13927 0.121726 
1.36223 0.2536
-1.1556 0.122088
1.36242 0.253563
-1.17193 0.121861
1.36278 0.253493 
-1.18825 0.121046
1.36332 0.253391
-1.20458 0.119642
1.36404 0.25326
-1.2209 0.117649
1.36491 0.253102
-1.23723 0.115068 
1.36594 0.252921
-1.25355 0.111899
1.36713 0.25272
-1.26988 0.10814
1.36846 0.252503 
-1.28621 0.103794
1.36992 0.252274
-1.30253 0.0988582
1.37152 0.252038
-1.31886 0.0933341
1.37323 0.251799 
-1.33518 0.0872215
1.37506 0.251562
-1.35151 0.0805203
1.37698 0.251329
-1.36783 0.0732304 
1.37899 0.251106
-1.38416 0.065352
1.38109 0.250896
-1.40049 0.0568849
1.38325 0.250703
-1.41681 0.0478293 
1.38546 0.250529
-1.43297 0.0550738 
1.38773 0.250377
-1.44914 0.0617297
1.39002 0.250249
-1.4653 0.067797
1.39234 0.250147 
-1.48146 0.0732757
1.39466 0.250071
-1.49763 0.0781659 
1.39698 0.250023
-1.51379 0.0824674
1.39929 0.250001
-1.52995 0.0861803 
1.40158 0.250006
-1.54611 0.0893046
1.40382 0.250037
-1.56228 0.0918403
1.40602 0.250091 
-1.57844 0.0937874
1.40817 0.250167
-1.5946 0.0951459
1.41024 0.250262 
-1.61076 0.0959159
1.41224 0.250375
-1.62693 0.0960972 
1.41415 0.250501
-1.64309 0.0956899
1.41597 0.250639 
-1.65925 0.094694
1.41769 0.250784
-1.67542 0.0931095
1.4193 0.250933
-1.69158 0.0909364
1.42079 0.251083
-1.70774 0.0881747
1.42216 0.251232
-1.7239 0.0848245
1.42341 0.251375
-1.74007 0.0808856
1.42453 0.25151 
-1.75623 0.0763581
1.42551 0.251634
-1.77239 0.071242
1.42636 0.251745
-1.78856 0.0655373
1.42707 0.25184
-1.80472 0.059244 
1.42764 0.251919
-1.82088 0.0523621
1.42807 0.251979
-1.83704 0.0448917
1.42836 0.252021
-1.85307 0.0508681
1.42851 0.252042 
-1.86921 0.0460869
1.42851 0.252043
-1.88526 0.0499118
1.42838 0.252024
-1.90138 0.0468519 
1.42812 0.251987
-1.91744 0.0492998
1.42772 0.251931
-1.93355 0.0473415
1.4272 0.251858
-1.94962 0.0489082
1.42655 0.25177 
-1.96572 0.0476548
1.42577 0.251668
-1.9818 0.0486575
1.42489 0.251555
-1.99789 0.0478554
1.42389 0.251432 
-2.01398 0.0484971
1.42279 0.251303
-2.03007 0.0479837
1.42159 0.251169
-2.04615 0.0483944
1.4203 0.251033
-2.06224 0.0480659 
1.41893 0.250898
-2.07833 0.0483287
1.41749 0.250766
-2.09442 0.0481184 
1.41597 0.250639
-2.11051 0.0482866
1.4144 0.250519
-2.1266 0.0481521
1.41277 0.250408
-2.14268 0.0482597
1.4111 0.250308
-2.15877 0.0481736 
1.4094 0.250221
-2.17486 0.0482425
1.40767 0.250147
-2.19095 0.0481874
1.40593 0.250088
-2.20704 0.0482315
1.40418 0.250044 
-2.22312 0.0481962
1.40243 0.250015
-2.23921 0.0482244
1.40069 0.250001
-2.2553 0.0482018 
1.39896 0.250003
-2.27139 0.0482199
1.39727 0.250019
-2.28748 0.0482055
1.39561 0.250048 
-2.30356 0.048217
1.39399 0.25009
-2.31965 0.0482078 
1.39242 0.250144