0 0.3 
1.5995 0.435853
0.008 0.319411
1.59935 0.433892
0.016 0.338234
1.59909 0.430984
0.024 0.356468
1.59869 0.427146
0.032 0.374114 
1.59809 0.422399
0.04 0.391171
1.59722 0.416768
0.048 0.407639
1.59602 0.410285
0.056 0.423519
1.5944 0.402991
0.064 0.43881
1.59227 0.394934
0.072 0.453513
1.58954 0.386178
0.08 0.467627
1.58612 0.376797
0.088 0.481152
1.58191 0.366881 
0.096 0.494089
1.57682 0.356536
0.104 0.506437
1.57076 0.345883
0.112 0.518197
1.56367 0.33506
0.12 0.529368
1.5555 0.324219
0.128 0.53995
1.5462 0.313524 
0.136 0.549944
1.53577 0.303147
0.144 0.559349
1.52423 0.293265
0.152 0.568166
1.51163 0.284052
0.16 0.576394
1.49804 0.275678
0.168 0.584033 
1.48357 0.268297
0.176 0.591084
1.46835 0.262043
0.184 0.597546
1.45255 0.257027
0.192 0.60342
1.43633 0.253328
0.2 0.608705
1.4199 0.250992
0.208 0.613401 
1.40344 0.25003
0.216 0.617509
1.38714 0.250414
0.224 0.621028
1.37119 0.252086
0.232 0.623959
1.35576 0.254954
0.24 0.626301
1.341 0.258901
0.248 0.628054
1.32703 0.263788
0.256 0.629219 
1.31394 0.26946
0.264 0.629795
1.30182 0.275755
0.272 0.629783
1.29071 0.282505
0.28 0.629182
1.28061 0.289545
0.288 0.627992
1.27153 0.296716 
0.296 0.626214
1.26345 0.303871
0.304 0.623847
1.25632 0.310871
0.312 0.620892
1.2501 0.317596
0.32 0.617348
1.24473 0.323938 
0.328 0.613215
1.24015 0.329805
0.336 0.608494
1.23629 0.335119
0.344 0.603184
1.23309 0.339818
0.352 0.597286
1.23049 0.34385 
0.36 0.590799
1.22846 0.347178
0.368 0.583723
1.22693 0.349773
0.376 0.576059
1.22587 0.351619
0.384 0.567806 
1.22526 0.352705
0.392 0.558965
1.22508 0.35303
0.4 0.549535
1.22532 0.352602
0.408 0.539516
1.22598 0.351433
0.416 0.528909
1.22706 0.349544 
0.424 0.517713
1.22858 0.346963
0.432 0.505929
1.23057 0.343723
0.44 0.493556
1.23305 0.339867
0.448 0.480594
1.23606 0.335443
0.456 0.467044 
1.23962 0.33051
0.464 0.452905
1.24377 0.325131
0.472 0.438178
1.24855 0.319379
0.48 0.422862
1.25398 0.313336
0.488 0.406957
1.26009 0.307087
0.496 0.390464
1.26689 0.300726
0.504 0.373382
1.27441 0.294352
0.512 0.355712
1.28262 0.288065
0.52 0.337453 
1.29153 0.28197
0.528 0.318605
1.3011 0.276167
0.536 0.299169
1.31128 0.270755
0.544 0.279144
1.32203 0.265825
0.552 0.258531
1.33327 0.26146
0.56 0.237329 
1.34492 0.257733
0.568 0.215538
1.3569 0.254699
0.576 0.193159
1.36909 0.252402
0.584 0.170191
1.38141 0.250866 
0.592 0.146635
1.39372 0.250099
0.6 0.12249
1.40594 0.250088
0.608 0.0977564
1.41796 0.250808
0.616 0.0724342
1.42967 0.252213
0.624 0.0465234 
1.441 0.254247
0.631534 0.067252
1.45185 0.256839
0.639067 0.0873921
1.46217 0.259909
0.646601 0.106944
1.4719 0.263372
0.654134 0.125906 
1.481 0.267137
0.661668 0.144281
1.48944 0.271112
0.669202 0.162066
1.49719 0.275205
0.676735 0.179263
1.50426 0.279328 
0.684269 0.195872
1.51065 0.283396
0.691802 0.211892
1.51636 0.287332
0.699336 0.227323
1.5214 0.291063
0.70687 0.242165
1.52581 0.294526
0.714403 0.256419 
1.52959 0.297664
0.721937 0.270085
1.53278 0.300432
0.72947 0.283162
1.53538 0.302788
0.737004 0.29565
1.53744 0.304702
0.744538 0.30755 
1.53895 0.306151
0.752071 0.318861
1.53995 0.30712
0.759605 0.329583
1.54044 0.3076
0.767139 0.339717
1.54043 0.307592
0.774672 0.349262
1.53993 0.307101
0.782206 0.358219
1.53894 0.30614
0.789739 0.366587
1.53746 0.304729
0.797273 0.374366
1.5355 0.302893 
0.804807 0.381557
1.53303 0.300662
0.81234 0.388159
1.53007 0.298075
0.819874 0.394173
1.5266 0.295174
0.827407 0.399598
1.52263 0.292004 
0.834941 0.404435
1.51814 0.288619
0.842475 0.408682
1.51313 0.285072 
0.850008 0.412342
1.50762 0.281423
0.857542 0.415412
1.50161 0.277732
0.865075 0.417894
1.4951 0.274059
0.872609 0.419788 
1.48814 0.270467
0.880143 0.421093
1.48073 0.267016
0.887676 0.421809 
1.47291 0.263763
0.89521 0.421936
1.46472 0.260762
0.902743 0.421475
1.45621 0.258062
0.910277 0.420426
1.44743 0.255706
0.917811 0.418788 
1.43844 0.253728
0.925344 0.416561
1.42928 0.252156
0.932878 0.413746 
1.42004 0.251007
0.940411 0.410342
1.41078 0.250291
0.947945 0.406349
1.40155 0.250006
0.955479 0.401768
1.39243 0.250143
0.963012 0.396598 
1.38348 0.250684
0.970546 0.39084
1.37475 0.251601
0.978079 0.384493 
1.36629 0.252861
0.985613 0.377557
1.35817 0.254423
0.993147 0.370033
1.35042 0.256244
1.00068 0.36192
1.34307 0.258273
1.00821 0.353219 
1.33616 0.260462
1.01575 0.343929
1.32972 0.262757
1.02328 0.334051
1.32375 0.265106
1.03081 0.323583 
1.31827 0.26746
1.03835 0.312528
1.3133 0.269769
1.04588 0.300883
1.30883 0.271988
1.05342 0.28865
1.30487 0.274075
1.06095 0.275829 
1.3014 0.275992
1.06848 0.262419
1.29844 0.277706
1.07602 0.24842
1.29596 0.279188
1.08355 0.233832 
1.29398 0.280416
1.09108 0.218656
1.29246 0.28137
1.09862 0.202892
1.29142 0.28204
1.10615 0.186539
1.29084 0.282415
1.11368 0.169597
1.29072 0.282495
1.12122 0.152067
1.29105 0.282281
1.12875 0.133948
1.29182 0.281781
1.13629 0.11524 
1.29304 0.281007
1.14382 0.095944
1.29469 0.279974
1.15135 0.0760592
1.29677 0.278702
1.15889 0.0555858
1.29927 0.277216
1.16642 0.0345239 
1.3022 0.275542
1.17357 0.0513734
1.30554 0.27371
1.18073 0.0676344
1.30929 0.271754
1.18788 0.0833068 
1.31343 0.269707
1.19504 0.0983906
1.31795 0.267606
1.20219 0.112886
1.32283 0.265486 
1.20935 0.126792
1.32806 0.263385
1.2165 0.14011
1.33362 0.261338
1.22366 0.15284
1.33947 0.25938
1.23081 0.16498 
1.34559 0.257543
1.23796 0.176533
1.35195 0.255858
1.24512 0.187496
1.35851 0.254351
1.25227 0.197871
1.36523 0.253045
1.25943 0.207657
1.37208 0.251958
1.26658 0.216855
1.37902 0.251104
1.27374 0.225464
1.38599 0.250491
1.28089 0.233485
1.39296 0.250124
1.28805 0.240917
1.39989 0.25
1.2952 0.24776
1.40673 0.250113
1.30235 0.254015
1.41345 0.250453
1.30951 0.259681
1.42 0.251003
1.31666 0.264759
1.42635 0.251744
1.32382 0.269248 
1.43247 0.252653
1.33097 0.273148
1.43832 0.253706
1.33813 0.27646
1.44389 0.254875
1.34528 0.279183
1.44914 0.256131
1.35244 0.281318 
1.45406 0.257445
1.35959 0.282864
1.45863 0.258787
1.36675 0.283821
1.46284 0.260128
1.34782 0.290565
1.46703 0.261567
1.3289 0.29672 
1.47083 0.262963
1.30998 0.302287
1.47423 0.264287
1.29106 0.307265
1.47723 0.265514
1.27214 0.311654
1.47983 0.266622
1.25322 0.315455 
1.48202 0.267591
1.2343 0.318667
1.48381 0.268405
1.21537 0.321291
1.48519 0.26905
1.19645 0.323326
1.48617 0.269517
1.17753 0.324773 
1.48676 0.2698
1.15861 0.32563
1.48696 0.269896
1.13969 0.3259
1.48677 0.269805
1.12077 0.32558 
1.4862 0.269532
1.10185 0.324672
1.48526 0.269083
1.08292 0.323176
1.48394 0.268468
1.064 0.321091
1.48226 0.267701
1.04508 0.318417 
1.48023 0.266797 
1.02616 0.315155
1.47785 0.265773
1.00724 0.311304
1.47513 0.264648
0.988317 0.306864
1.47209 0.263443
0.969396 0.301836 
1.46873 0.262181
0.950474 0.296219
1.46508 0.260884
0.931553 0.290014
1.46114 0.259574
0.912631 0.28322
1.45694 0.258276
0.89371 0.275838
1.45249 0.257012
0.874789 0.267866
1.44783 0.255803
0.855867 0.259307
1.44296 0.254669
0.836946 0.250158
1.43793 0.253629
0.818024 0.240421
1.43274 0.252699 
0.799103 0.230096
1.42744 0.251892
0.780181 0.219182
1.42206 0.25122
0.76126 0.207679
1.41662 0.250692 
0.742339 0.195588
1.41115 0.250311
0.723417 0.182908
1.40569 0.250081
0.704496 0.169639
1.40026 0.25
0.685574 0.155782
1.3949 0.250065
0.666653 0.141336
1.38964 0.250269
0.647732 0.126302
1.3845 0.250602
0.62881 0.110679
1.37951 0.251053
0.609889 0.0944675
1.37469 0.251608
0.590967 0.0776674
1.37007 0.252252 
0.572046 0.0602787
1.36567 0.252968
0.553124 0.0423013
1.36151 0.253739
0.534527 0.0566832
1.3576 0.254547
0.515929 0.0704765 
1.35396 0.255372
0.497331 0.0836811
1.35059 0.256198
0.478733 0.0962972
1.34752 0.257007
0.460135 0.108325
1.34475 0.257783 
0.441538 0.119764
1.34228 0.258509
0.42294 0.130614
1.34013 0.259173
0.404342 0.140875
1.33828 0.259761
0.385744 0.150549
1.33675 0.260263 
0.367146 0.159633
1.33554 0.260671
0.348548 0.168129
1.33465 0.260978
0.329951 0.176036
1.33407 0.26118
0.311353 0.183355 
1.3338 0.261273
0.292755 0.190085
1.33385 0.261258
0.274157 0.196226
1.3342 0.261136
0.255559 0.201779
1.33485 0.26091 
0.236961 0.206743
1.33579 0.260587
0.218364 0.211119
1.33702 0.260173
0.199766 0.214906
1.33854 0.259678
0.181168 0.218105 
1.34033 0.25911
0.16257 0.220715
1.34238 0.258481
0.143972 0.222736
1.34468 0.257803
0.125375 0.224169
1.34722 0.257089
0.106777 0.225013
1.35 0.256352
0.0881789 0.225268
1.35298 0.255605
0.0695811 0.224935
1.35617 0.254863
0.0509833 0.224013
1.35953 0.254137
0.0323854 0.222503 
1.36306 0.25344
0.0137876 0.220404
1.36674 0.252785
-0.00481022 0.217716
1.37054 0.252181
-0.023408 0.21444
1.37445 0.251638 
-0.0420059 0.210576
1.37845 0.251164
-0.0606037 0.206122
1.38251 0.250766
-0.0792015 0.20108
1.38661 0.250449
-0.0977993 0.19545
1.39073 0.250215
-0.116397 0.189231 
1.39485 0.250066
-0.134995 0.182423
1.39895 0.250003
-0.153593 0.175027
1.403 0.250022
-0.172191 0.167042
1.40698 0.250122
-0.190788 0.158468 
1.41088 0.250296
-0.209386 0.149306
1.41467 0.250539
-0.227984 0.139555
1.41834 0.250842 
-0.246582 0.129216
1.42186 0.251198
-0.26518 0.118288
1.42523 0.251598
-0.283778 0.106771
1.42842 0.25203
-0.302375 0.0946663 
1.43144 0.252486
-0.320973 0.0819726
1.43425 0.252955
-0.339571 0.0686902
1.43686 0.253426
-0.358169 0.0548193
1.43925 0.253889
-0.376767 0.0403598 
1.44142 0.254335
-0.395104 0.0519274
1.44335 0.254755
-0.413442 0.0629064
1.44506 0.255141
-0.431779 0.0732968 
1.44652 0.255485
-0.450117 0.0830987
1.44774 0.255781
-0.468454 0.0923119
1.44871 0.256023 
-0.486792 0.100937
1.44944 0.256208
-0.50513 0.108973
1.44993 0.256332
-0.523467 0.11642
1.45017 0.256395
-0.541805 0.123279
1.45017 0.256395
-0.560142 0.129549
1.44994 0.256334
-0.57848 0.135231 
1.44946 0.256213
-0.596817 0.140324
1.44876 0.256036
-0.615155 0.144828
1.44784 0.255805
-0.633492 0.148744
1.44669 0.255527
-0.65183 0.152071 
1.44534 0.255207
-0.670168 0.15481
1.44379 0.254852
-0.688505 0.15696
1.44204 0.254468
-0.706843 0.158521 
1.44011 0.254062
-0.72518 0.159494
1.438 0.253643
-0.743518 0.159878
1.43573 0.253218 
-0.761855 0.159674
1.43332 0.252795
-0.780193 0.158881
1.43077 0.252381 
-0.79853 0.157499
1.42809 0.251983
-0.816868 0.155529
1.42531 0.251608
-0.835205 0.15297 
1.42243 0.251262
-0.853543 0.149823
1.41948 0.250951 
-0.871881 0.146087
1.41646 0.250679 
-0.890218 0.141762
1.4134 0.250449
-0.908556 0.136849
1.41031 0.250266
-0.926893 0.131348
1.4072 0.25013
-0.945231 0.125257 
1.40409 0.250042
-0.963568 0.118578
1.401 0.250003
-0.981906 0.111311
1.39795 0.250011
-1.00024 0.103454
1.39494 0.250064
-1.01858 0.0950096 
1.392 0.25016
-1.03692 0.0859763
1.38914 0.250295
-1.05526 0.0763543
1.38636 0.250466 
-1.07359 0.0661437
1.38369 0.250666
-1.09193 0.0553445
1.38114 0.250891
-1.11027 0.0439568
1.37871 0.251136
-1.1284 0.053067 
1.37642 0.251395
-1.14653 0.0615886
1.37428 0.251661
-1.16467 0.0695216
1.37229 0.251929
-1.1828 0.076866
1.37046 0.252193 
-1.20093 0.0836219
1.3688 0.252448
-1.21906 0.0897891
1.36732 0.252688
-1.2372 0.0953677
1.36601 0.252909 
-1.25533 0.100358
1.36489 0.253106
-1.27346 0.104759
1.36395 0.253276
-1.29159 0.108572
1.36319 0.253416
-1.30973 0.111796 
1.36263 0.253523
-1.32786 0.114432
1.36225 0.253595
-1.34599 0.116479
1.36206 0.253632
-1.36412 0.117937
1.36205 0.253633 
-1.38226 0.118807
1.36223 0.2536
-1.40039 0.119088
1.36258 0.253532
-1.41852 0.118781 
1.36311 0.253431
-1.43666 0.117885
1.36382 0.2533
-1.45479 0.1164
1.36469 0.253142
-1.47292 0.114327
1.36572 0.25296 
-1.49105 0.111665
1.3669 0.252758
-1.50919 0.108415
1.36823 0.252539 
-1.52732 0.104576
1.3697 0.252309
-1.54545 0.100148
1.3713 0.25207
-1.56358 0.0951323
1.37302 0.251828 
-1.58172 0.0895275
1.37485 0.251587
-1.59985 0.0833341 
1.37679 0.251352
-1.61798 0.0765521
1.37881 0.251125
-1.63611 0.0691815
1.38092 0.250912
-1.65425 0.0612224
1.3831 0.250716 
-1.67238 0.0526746
1.38533 0.250539
-1.69051 0.0435382
1.38761 0.250384
-1.70848 0.0508473
1.38992 0.250254 
-1.72658 0.045
1.39225 0.25015
-1.74457 0.0496779
1.3946 0.250073
-1.76265 0.0459356
1.39694 0.250023 
-1.78066 0.0489294
1.39927 0.250001
-1.79873 0.0465344
1.40157 0.250006 
-1.81675 0.0484504
1.40383 0.250037
-1.83481 0.0469176
1.40605 0.250092
-1.85284 0.0481438
1.40821 0.250169 
-1.87089 0.0471628
1.4103 0.250266
-1.88892 0.0479476
1.41232 0.25038
-1.90697 0.0473198
1.41425 0.250508
-1.925 0.0478221 
1.41608 0.250647
-1.94305 0.0474202
1.41781 0.250794
-1.96109 0.0477417
1.41943 0.250946
-1.97913 0.0474845
1.42093 0.251098
-1.99717 0.0476903
1.42231 0.251249
-2.01521 0.0475257
1.42357 0.251393
-2.03325 0.0476573 
1.42469 0.25153
-2.0513 0.047552
1.42568 0.251655
-2.06934 0.0476363
1.42653 0.251767
-2.08738 0.0475689
1.42724 0.251864
-2.10542 0.0476228 
1.42781 0.251943
-2.12346 0.0475796
1.42824 0.252003
-2.1415 0.0476142
1.42852 0.252044
-2.15954 0.0475866 
1.42866 0.252064
-2.17758 0.0476086
1.42866 0.252065
-2.19562 0.047591
1.42852 0.252045
-2.21367 0.0476051 
1.42825 0.252005
-2.23171 0.0475938
1.42784 0.251947
-2.24975 0.0476028
1.4273 0.251872
-2.26779 0.0475956
1.42664 0.251782 
-2.28583 0.0476014
1.42585 0.251678
-2.30387 0.0475968
1.42495 0.251562
-2.32191 0.0476005
1.42393 0.251437 
-2.33995 0.0475975
1.42282 0.251306
-2.358 0.0475999
1.4216 0.25117
-2.37604 0.047598
1.42029 0.251032
-2.39408 0.0475995 
1.4189 0.250895
-2.41212 0.0475983
1.41743 0.250761
-2.43016 0.0475993
1.4159 0.250633
-2.4482 0.0475985 
1.41431 0.250512
-2.46624 0.0475991
1.41266 0.250401
-2.48428 0.0475986
1.41097 0.250301
-2.50232 0.047599
1.40925 0.250214
-2.52037 0.0475987 
1.40751 0.250141
-2.53841 0.0475989
1.40575 0.250083
-2.55645 0.0475987
1.40398 0.25004
-2.57449 0.0475989 
1.40221 0.250012
-2.59253 0.0475988
1.40046 0.250001
-2.61057 0.0475989
1.39872 0.250004
-2.62861 0.0475988
1.39702 0.250022 
-2.64665 0.0475989
1.39535 0.250054
-2.6647 0.0475988
1.39372 0.250099
-2.68274 0.0475988
1.39215 0.250154 
-2.70078 0.0475988
1.39063 0.25022