0.01 1.01951 
0.02 1.03804
0.03 1.05559
0.04 1.07215
0.05 1.08774
0.06 1.10234
0.07 1.11597
0.08 1.12861
0.09 1.14027
0.1 1.15095
0.11 1.16065
0.12 1.16937
0.13 1.17711
0.14 1.18386
0.15 1.18964
0.16 1.19443
0.17 1.19825
0.18 1.20108
0.19 1.20293
0.2 1.2038 
0.21 1.20369
0.22 1.2026
0.23 1.20053
0.24 1.19747
0.25 1.19344
0.26 1.18842
0.27 1.18243
0.28 1.17545
0.29 1.16749
0.3 1.15855
0.31 1.14863
0.32 1.13773
0.33 1.12585
0.34 1.11298
0.35 1.09914
0.36 1.08431
0.37 1.06851
0.38 1.05172 
0.39 1.03395
0.4 1.0152
0.41 0.99547
0.42 0.974758
0.43 0.953066
0.44 0.930392
0.45 0.906738
0.46 0.882102
0.47 0.856486
0.48 0.829888
0.49 0.80231
0.5 0.77375
0.51 0.74421
0.52 0.713688
0.53 0.682186
0.54 0.649702
0.55 0.616238
0.56 0.581792 
0.57 0.546366
0.58 0.509958
0.59 0.47257
0.6 0.4342
0.61 0.39485
0.62 0.354518
0.63 0.313206
0.64 0.270912
0.65 0.227638
0.66 0.183382
0.67 0.138146
0.68 0.091928
0.69 0.0447295
0.7 -0.00345
0.71 -0.0526105
0.72 -0.102752
0.73 -0.153874
0.74 -0.205978
0.75 -0.259062
0.76 -0.313128 
0.77 -0.368174
0.78 -0.424202
0.79 -0.48121
0.8 -0.5392