0.0 0.3
1.5995 0.435853
0.008 0.319706
1.59939 0.434379
0.016 0.338823 
1.59918 0.431962
0.024 0.357351
1.59885 0.428619
0.032 0.375291
1.59835 0.424367 
0.04 0.392643
1.59762 0.41923
0.048 0.409405
1.59659 0.413236
0.056 0.425579 
1.59519 0.40642
0.064 0.441165
1.59334 0.398826
0.072 0.456162
1.59095 0.390509
0.08 0.47057
1.58792 0.381535 
0.088 0.48439
1.58416 0.371984
0.096 0.497621
1.57958 0.361952 
0.104 0.510263
1.57409 0.351549
0.112 0.522317
1.56762 0.340902 
0.12 0.533783
1.56011 0.330152
0.128 0.544659
1.55152 0.319453 
0.136 0.554947
1.54181 0.308969
0.144 0.564647 
1.531 0.298871
0.152 0.573758
1.5191 0.289332 
0.16 0.58228
1.50619 0.28052
0.168 0.590214
1.49235 0.272596 
0.176 0.597559
1.47768 0.265704
0.184 0.604315
1.46235 0.259966
0.192 0.610483
1.4465 0.25548
0.2 0.616063 
1.43031 0.25231
0.208 0.621053
1.41398 0.250489
0.216 0.625455
1.39768 0.250013
0.224 0.629269
1.38162 0.250846
0.232 0.632494 
1.36596 0.252918
0.24 0.63513 
1.35086 0.25613
0.248 0.637178 
1.33646 0.26036
0.256 0.638637
1.32288 0.265467
0.264 0.639507 
1.31019 0.271296
0.272 0.639789
1.29847 0.277687 
0.28 0.639483
1.28774 0.284475
0.288 0.638587
1.27802 0.291502 
0.296 0.637103
1.2693 0.298614
0.304 0.635031
1.26155 0.305671
0.312 0.63237 
1.25472 0.312541
0.32 0.62912
1.24878 0.319109
0.328 0.625282 
1.24366 0.325275
0.336 0.620855 
1.23929 0.330951
0.344 0.615839
1.23562 0.336067
0.352 0.610235 
1.2326 0.340562
0.36 0.604043
1.23016 0.344392
0.368 0.597261
1.22825 0.34752 
0.376 0.589891
1.22684 0.349922
0.384 0.581933
1.22589 0.351582
0.392 0.573386
1.22538 0.352494
0.4 0.56425 
1.22529 0.352657
0.408 0.554526 
1.22561 0.352079
0.416 0.544213
1.22635 0.350776 
0.424 0.533311
1.22751 0.348768
0.432 0.521821
1.22912 0.346084
0.44 0.509743
1.23118 0.342758
0.448 0.497075
1.23374 0.338834
0.456 0.483819
1.23682 0.334361
0.464 0.469975 
1.24046 0.329395
0.472 0.455542 
1.24468 0.324003
0.48 0.44052
1.24952 0.318255
0.488 0.42491 
1.25502 0.312233
0.496 0.408711
1.26118 0.306021
0.504 0.391923 
1.26804 0.299713
0.512 0.374547
1.27559 0.293406 
0.52 0.356583
1.28383 0.287198
0.528 0.338029
1.29275 0.28119
0.536 0.318887 
1.30231 0.275481
0.544 0.299157
1.31248 0.270167 
0.552 0.278838
1.32319 0.265336
0.56 0.25793 
1.33439 0.261069
0.568 0.236434 
1.34598 0.257434
0.576 0.214349
1.35788 0.254486
0.584 0.191675 
1.36998 0.252265
0.592 0.168413 
1.3822 0.250794
0.6 0.144563 
1.39441 0.250078
0.608 0.120123
1.40652 0.250106 
0.616 0.0950953
1.41843 0.250851
0.624 0.0694788
1.43003 0.252268 
0.632 0.0432737
1.44125 0.254301
0.639523 0.0644732
1.45201 0.25688 
0.647046 0.0853784
1.46223 0.259929
0.654569 0.105695
1.47188 0.263362
0.662092 0.125423
1.4809 0.267092
0.669615 0.144563
1.48927 0.271027 
0.677138 0.163113
1.49697 0.27508
0.684661 0.181076
1.50399 0.279163
0.692184 0.198449
1.51034 0.283193 
0.699707 0.215234
1.51603 0.287095 
0.70723 0.231431
1.52106 0.290797
0.714753 0.247038 
1.52545 0.294237
0.722276 0.262058 
1.52923 0.297361
0.729799 0.276488 
1.53242 0.300121
0.737322 0.29033
1.53505 0.302478 
0.744845 0.303584
1.53712 0.304402
0.752368 0.316249 
1.53866 0.305869
0.759891 0.328325
1.53969 0.306864
0.767414 0.339812
1.54021 0.307379
0.774937 0.350711 
1.54025 0.307413
0.78246 0.361022
1.53979 0.306971 
0.789983 0.370744
1.53886 0.306065
0.797506 0.379877
1.53745 0.304713 
0.805029 0.388421
1.53555 0.302939
0.812552 0.396377 
1.53316 0.300775 
0.820075 0.403745
1.53028 0.298254
0.827598 0.410524
1.5269 0.295418 
0.835121 0.416714 
1.52302 0.292312
0.842644 0.422316 
1.51864 0.288987
0.850167 0.427329 
1.51375 0.285495
0.85769 0.431753 
1.50835 0.281893
0.865213 0.435589
1.50246 0.27824 
0.872736 0.438836
1.49609 0.274596 
0.880259 0.441495
1.48926 0.271021 
0.887782 0.443565
1.48198 0.267574
0.895305 0.445046 
1.4743 0.264313
0.902828 0.445939
1.46624 0.261289
0.910351 0.446243
1.45786 0.258553
0.917874 0.445959
1.4492 0.256147
0.925397 0.445086 
1.44032 0.254107
0.93292 0.443624 
1.43127 0.25246
0.940443 0.441574
1.42212 0.251227 
0.947966 0.438935
1.41293 0.250419 
0.955489 0.435708
1.40377 0.250036
0.963012 0.431892 
1.39469 0.25007 
0.970535 0.427487
1.38576 0.250507
0.978058 0.422494 
1.37704 0.251322
0.985582 0.416912
1.36858 0.252483 
0.993105 0.410742
1.36043 0.253953
1.00063 0.403983 
1.35264 0.255689
1.00815 0.396635
1.34523 0.257645
1.01567 0.388699 
1.33825 0.259771
1.0232 0.380174 
1.33172 0.262017
1.03072 0.371061 
1.32565 0.264332
1.03824 0.361359
1.32007 0.266667 
1.04577 0.351069
1.31498 0.268972
1.05329 0.340189
1.31038 0.271203
1.06081 0.328722
1.30628 0.273316
1.06833 0.316665
1.30268 0.275274 
1.07586 0.30402
1.29957 0.277043
1.08338 0.290787 
1.29695 0.278594
1.0909 0.276964 
1.2948 0.279901
1.09843 0.262554
1.29313 0.280945
1.10595 0.247554
1.29193 0.281712
1.11347 0.231966
1.29118 0.282193
1.121 0.21579 
1.29089 0.282383
1.12852 0.199025
1.29105 0.282283 
1.13604 0.181671
1.29164 0.281898 
1.14356 0.163728
1.29267 0.281237 
1.15109 0.145197
1.29414 0.280316
1.15861 0.126078
1.29603 0.279151
1.16613 0.10637
1.29834 0.277765 
1.17366 0.0860728
1.30107 0.276182 
1.18118 0.0651875
1.30421 0.274432 
1.1887 0.0437135
1.30775 0.272545
1.19583 0.0611281 
1.31169 0.270554
1.20297 0.0782484 
1.316 0.268493
1.2101 0.0947802
1.32069 0.266398
1.21723 0.110723 
1.32572 0.264305
1.22436 0.126078 
1.33108 0.262249
1.23149 0.140844 
1.33675 0.260264
1.23862 0.155021 
1.3427 0.258385
1.24575 0.16861
1.34889 0.25664 
1.25288 0.18161
1.35531 0.255058
1.26001 0.194021 
1.3619 0.253663
1.26715 0.205844
1.36863 0.252475 
1.27428 0.217079
1.37547 0.25151
1.28141 0.227724 
1.38237 0.250778
1.28854 0.237782
1.38929 0.250287 
1.29567 0.24725 
1.39619 0.250036
1.30109 0.256073 
1.40306 0.250023
1.3057 0.264286 
1.40983 0.250242
1.31031 0.27191
1.41647 0.250679
1.31493 0.278945
1.42292 0.251317
1.31954 0.285391 
1.42916 0.252137
1.32415 0.291249
1.43515 0.253113 
1.32876 0.296519
1.44087 0.254221
1.33338 0.3012 
1.4463 0.255432
1.33799 0.305292 
1.4514 0.256718
1.3426 0.308795
1.45617 0.25805
1.34721 0.31171 
1.46059 0.259398
1.35183 0.314037
1.46464 0.260733 
1.35644 0.315775
1.46832 0.26203
1.36105 0.316924 
1.47162 0.263262
1.36566 0.317484 
1.47453 0.264405
1.37028 0.317456 
1.47706 0.26544
1.37489 0.31684
1.4792 0.266348
1.3795 0.315635
1.48095 0.267113
1.38411 0.313841 
1.48231 0.267724
1.38873 0.311459
1.48329 0.26817 
1.39334 0.308488
1.4839 0.268447
1.3894 0.308811 
1.48421 0.268594
1.38535 0.308595
1.48416 0.268568
1.3813 0.30779
1.48373 0.268372 
1.37725 0.306396
1.48294 0.268011
1.3732 0.304413
1.4818 0.267492 
1.36915 0.301842
1.4803 0.266828
1.3651 0.298683 
1.47846 0.266032
1.36105 0.294934
1.47628 0.265118 
1.357 0.290598
1.47377 0.264104
1.35295 0.285672 
1.47095 0.263009
1.3489 0.280158 
1.46783 0.261853
1.34485 0.274056
1.46441 0.260657
1.3408 0.267364 
1.46072 0.259441
1.33675 0.260085 
1.45677 0.258227
1.3327 0.252216
1.45259 0.257037 
1.32865 0.243759
1.44818 0.255889
1.3246 0.234713 
1.44357 0.254804
1.32055 0.225079
1.43879 0.253798 
1.3165 0.214856
1.43386 0.252888
1.31245 0.204045
1.42881 0.252086
1.3084 0.192645
1.42367 0.251405 
1.30435 0.180656
1.41846 0.250854 
1.3003 0.168079
1.41321 0.250437
1.29625 0.154913
1.40796 0.250158
1.2922 0.141159
1.40272 0.250019 
1.28815 0.126816
1.39754 0.250015
1.2841 0.111884 
1.39244 0.250143
1.28005 0.096364 
1.38743 0.250395
1.276 0.0802552
1.38256 0.250761 
1.27195 0.0635578
1.37785 0.25123
1.2679 0.0462718 
1.37331 0.251789 
1.26416 0.060336
1.36897 0.252422 
1.26043 0.074106
1.36484 0.253114
1.25669 0.0872874
1.36095 0.253849
1.25296 0.0998801 
1.35731 0.254609
1.24923 0.111884 
1.35393 0.255379
1.24549 0.1233
1.35082 0.256142
1.24176 0.134127
1.34799 0.256881 
1.23803 0.144365
1.34545 0.257584
1.23429 0.154015
1.3432 0.258235 
1.23056 0.163076
1.34125 0.258823
1.22683 0.171549 
1.3396 0.259337
1.22309 0.179433
1.33826 0.259768 
1.21936 0.186728
1.33722 0.260109
1.21563 0.193435
1.33648 0.260355
1.21189 0.199553
1.33604 0.260502
1.20816 0.205082
1.33591 0.260548 
1.20442 0.210023
1.33606 0.260495
1.20069 0.214376
1.33651 0.260344
1.19696 0.218139 
1.33725 0.260099
1.19322 0.221315
1.33827 0.259766
1.18949 0.223901 
1.33956 0.259352
1.18576 0.225899 
1.34111 0.258865
1.18202 0.227308
1.34293 0.258315 
1.17829 0.228129
1.34499 0.257713 
1.17456 0.228361
1.34729 0.25707
1.17082 0.228005 
1.34982 0.256397
1.16709 0.22706
1.35256 0.255708
1.16335 0.225526
1.3555 0.255014 
1.15962 0.223404
1.35862 0.254327
1.15589 0.220693 
1.36191 0.25366
1.15215 0.217394
1.36535 0.253024
1.14842 0.213506
1.36893 0.252428 
1.14469 0.209029
1.37262 0.251883
1.14095 0.203964
1.37641 0.251397
1.13722 0.19831 
1.38027 0.250976
1.13349 0.192067
1.38418 0.250627 
1.12975 0.185236
1.38813 0.250353
1.12602 0.177817
1.39209 0.250156 
1.12229 0.169809
1.39605 0.250039
1.11855 0.161212
1.39997 0.25
1.11482 0.152026
1.40385 0.250037
1.11108 0.142252
1.40766 0.250147
1.10735 0.13189
1.41138 0.250324 
1.10362 0.120938
1.415 0.250563
1.09988 0.109398
1.41849 0.250857
1.09615 0.09727
1.42185 0.251197 
1.09242 0.084553
1.42505 0.251575
1.08868 0.0712474
1.42809 0.251982
1.08495 0.0573531
1.43095 0.252409
1.08122 0.0428703
1.43362 0.252846
1.07775 0.054692 
1.43609 0.253283
1.07428 0.0662194
1.43835 0.253711
1.07081 0.0771582
1.4404 0.254122
1.06735 0.0875084
1.44222 0.254508
1.06388 0.09727
1.44383 0.254861
1.06041 0.106443 
1.4452 0.255174
1.05694 0.115027
1.44634 0.255442
1.05347 0.123023
1.44724 0.255659
1.05001 0.130431
1.44791 0.255824
1.04654 0.137249
1.44835 0.255932
1.04307 0.143479 
1.44856 0.255983 
1.0396 0.149121 
1.44853 0.255977
1.03614 0.154173
1.44828 0.255914
1.03267 0.158638
1.4478 0.255796
1.0292 0.162513
1.4471 0.255625 
1.02573 0.1658
1.44619 0.255407 
1.02227 0.168499
1.44507 0.255145
1.0188 0.170608
1.44375 0.254845
1.01533 0.17213 
1.44224 0.254512
1.01186 0.173062 
1.44055 0.254153
1.0084 0.173406 
1.43868 0.253776
1.00493 0.173162
1.43664 0.253386
1.00146 0.172329
1.43446 0.25299 
0.997993 0.170907
1.43213 0.252597
0.994526 0.168896
1.42967 0.252213
0.991058 0.166297 
1.42709 0.251844
0.98759 0.16311 
1.42442 0.251496
0.984123 0.159334 
1.42165 0.251175
0.980655 0.154969 
1.41881 0.250887