0.0 0.3
1.5995 0.435853
0.008 0.319411
1.59935 0.433892 
0.016 0.338234
1.59909 0.430984 
0.024 0.356468
1.59869 0.427146
0.032 0.374114 
1.59809 0.422399
0.04 0.391171
1.59722 0.416768
0.048 0.407639 
1.59602 0.410285
0.056 0.423519
1.5944 0.402991
0.064 0.43881 
1.59227 0.394934
0.072 0.453513
1.58954 0.386178 
0.08 0.467627
1.58612 0.376797
0.088 0.481152 
1.58191 0.366881
0.096 0.494089
1.57682 0.356536 
0.104 0.506437
1.57076 0.345883
0.112 0.518197
1.56367 0.33506
0.12 0.529368 
1.5555 0.324219
0.128 0.53995
1.5462 0.313524
0.136 0.549944
1.53577 0.303147
0.144 0.559349 
1.52423 0.293265
0.152 0.568166
1.51163 0.284052
0.16 0.576394
1.49804 0.275678
0.168 0.584033 
1.48357 0.268297
0.176 0.591084
1.46835 0.262043
0.184 0.597546
1.45255 0.257027
0.192 0.60342
1.43633 0.253328 
0.2 0.608705
1.4199 0.250992
0.208 0.613401
1.40344 0.25003
0.216 0.617509
1.38714 0.250414
0.224 0.621028 
1.37119 0.252086
0.232 0.623959
1.35576 0.254954
0.24 0.626301
1.341 0.258901
0.248 0.628054
1.32703 0.263788
0.256 0.629219
1.31394 0.26946 
0.264 0.629795
1.30182 0.275755
0.272 0.629783
1.29071 0.282505
0.28 0.629182
1.28061 0.289545
0.288 0.627992 
1.27153 0.296716
0.296 0.626214
1.26345 0.303871
0.304 0.623847
1.25632 0.310871
0.312 0.620892 
1.2501 0.317596
0.32 0.617348
1.24473 0.323938
0.328 0.613215
1.24015 0.329805
0.336 0.608494 
1.23629 0.335119
0.344 0.603184
1.23309 0.339818
0.352 0.597286
1.23049 0.34385 
0.36 0.590799
1.22846 0.347178
0.368 0.583723
1.22693 0.349773
0.376 0.576059 
1.22587 0.351619
0.384 0.567806
1.22526 0.352705
0.392 0.558965 
1.22508 0.35303
0.4 0.549535
1.22532 0.352602
0.408 0.539516 
1.22598 0.351433
0.416 0.528909
1.22706 0.349544 
0.424 0.517713
1.22858 0.346963
0.432 0.505929 
1.23057 0.343723
0.44 0.493556
1.23305 0.339867 
0.448 0.480594
1.23606 0.335443
0.456 0.467044
1.23962 0.33051
0.464 0.452905
1.24377 0.325131
0.472 0.438178 
1.24855 0.319379
0.48 0.422862
1.25398 0.313336
0.488 0.406957
1.26009 0.307087
0.496 0.390464
1.26689 0.300726 
0.504 0.373382
1.27441 0.294352
0.512 0.355712
1.28262 0.288065
0.52 0.337453
1.29153 0.28197
0.528 0.318605 
1.3011 0.276167
0.536 0.299169
1.31128 0.270755
0.544 0.279144
1.32203 0.265825
0.552 0.258531
1.33327 0.26146
0.56 0.237329
1.34492 0.257733
0.568 0.215538 
1.3569 0.254699
0.576 0.193159
1.36909 0.252402
0.584 0.170191
1.38141 0.250866
0.592 0.146635
1.39372 0.250099
0.6 0.12249
1.40594 0.250088
0.608 0.0977564 
1.41796 0.250808
0.616 0.0724342
1.42967 0.252213
0.624 0.0465234
1.441 0.254247
0.631534 0.067252
1.45185 0.256839 
0.639067 0.0873921
1.46217 0.259909
0.646601 0.106944
1.4719 0.263372
0.654134 0.125906
1.481 0.267137 
0.661668 0.144281
1.48944 0.271112
0.669202 0.162066
1.49719 0.275205
0.676735 0.179263
1.50426 0.279328 
0.684269 0.195872
1.51065 0.283396
0.691802 0.211892
1.51636 0.287332
0.699336 0.227323
1.5214 0.291063 
0.70687 0.242165
1.52581 0.294526
0.714403 0.256419
1.52959 0.297664
0.721937 0.270085
1.53278 0.300432
0.72947 0.283162
1.53538 0.302788
0.737004 0.29565 
1.53744 0.304702
0.744538 0.30755
1.53895 0.306151
0.752071 0.318861
1.53995 0.30712
0.759605 0.329583
1.54044 0.3076
0.767139 0.339717
1.54043 0.307592 
0.774672 0.349262
1.53993 0.307101
0.782206 0.358219
1.53894 0.30614
0.789739 0.366587
1.53746 0.304729
0.797273 0.374366 
1.5355 0.302893
0.804807 0.381557
1.53303 0.300662
0.81234 0.388159
1.53007 0.298075
0.819874 0.394173 
1.5266 0.295174
0.827407 0.399598
1.52263 0.292004
0.834941 0.404435
1.51814 0.288619
0.842475 0.408682
1.51313 0.285072 
0.850008 0.412342
1.50762 0.281423
0.857542 0.415412
1.50161 0.277732
0.865075 0.417894 
1.4951 0.274059
0.872609 0.419788
1.48814 0.270467
0.880143 0.421093
1.48073 0.267016
0.887676 0.421809
1.47291 0.263763 
0.89521 0.421936
1.46472 0.260762
0.902743 0.421475
1.45621 0.258062
0.910277 0.420426
1.44743 0.255706
0.917811 0.418788
1.43844 0.253728
0.925344 0.416561
1.42928 0.252156
0.932878 0.413746
1.42004 0.251007
0.940411 0.410342 
1.41078 0.250291
0.947945 0.406349
1.40155 0.250006
0.955479 0.401768
1.39243 0.250143
0.963012 0.396598
1.38348 0.250684
0.970546 0.39084
1.37475 0.251601
0.978079 0.384493
1.36629 0.252861
0.985613 0.377557 
1.35817 0.254423
0.993147 0.370033
1.35042 0.256244
1.00068 0.36192 
1.34307 0.258273
1.00821 0.353219
1.33616 0.260462
1.01575 0.343929
1.32972 0.262757 
1.02328 0.334051
1.32375 0.265106
1.03081 0.323583
1.31827 0.26746
1.03835 0.312528
1.3133 0.269769
1.04588 0.300883 
1.30883 0.271988
1.05342 0.28865
1.30487 0.274075
1.06095 0.275829
1.3014 0.275992
1.06848 0.262419
1.29844 0.277706 
1.07602 0.24842
1.29596 0.279188
1.08355 0.233832
1.29398 0.280416
1.09108 0.218656
1.29246 0.28137
1.09862 0.202892
1.29142 0.28204 
1.10615 0.186539
1.29084 0.282415
1.11368 0.169597
1.29072 0.282495
1.12122 0.152067
1.29105 0.282281
1.12875 0.133948
1.29182 0.281781 
1.13629 0.11524
1.29304 0.281007
1.14382 0.095944
1.29469 0.279974
1.15135 0.0760592
1.29677 0.278702
1.15889 0.0555858 
1.29927 0.277216
1.16642 0.0345239
1.3022 0.275542
1.17357 0.0513734
1.30554 0.27371
1.18073 0.0676344 
1.30929 0.271754
1.18788 0.0833068
1.31343 0.269707
1.19504 0.0983906
1.31795 0.267606
1.20219 0.112886
1.32283 0.265486
1.20935 0.126792
1.32806 0.263385
1.2165 0.14011
1.33362 0.261338
1.22366 0.15284 
1.33947 0.25938
1.23081 0.16498
1.34559 0.257543
1.23796 0.176533
1.35195 0.255858
1.24512 0.187496
1.35851 0.254351 
1.25227 0.197871
1.36523 0.253045
1.25943 0.207657
1.37208 0.251958
1.26658 0.216855
1.37902 0.251104
1.27374 0.225464 
1.38599 0.250491
1.28089 0.233485
1.39296 0.250124
1.28805 0.240917
1.39989 0.25
1.2952 0.24776
1.40673 0.250113
1.30235 0.254015
1.41345 0.250453
1.30951 0.259681
1.42 0.251003
1.31666 0.264759
1.42635 0.251744 
1.32382 0.269248
1.43247 0.252653
1.33097 0.273148
1.43832 0.253706
1.33813 0.27646 
1.44389 0.254875
1.34528 0.279183
1.44914 0.256131
1.35244 0.281318
1.45406 0.257445
1.35959 0.282864
1.45863 0.258787
1.36675 0.283821 
1.46284 0.260128
1.36863 0.285435
1.46674 0.261466
1.37382 0.285616
1.47022 0.262733
1.37555 0.286064
1.47336 0.26394 
1.3792 0.285469
1.47608 0.265035
1.38054 0.284796
1.47844 0.266022
1.38295 0.283317
1.48038 0.266865 
1.38378 0.281529
1.48196 0.267565
1.3852 0.279064
1.48314 0.268099
1.38554 0.27614
1.48394 0.268468 
1.3862 0.2726
1.48436 0.26866
1.38614 0.268507
1.4844 0.26868
1.38617 0.263824 
1.48406 0.268525
1.38314 0.258407
1.48406 0.268521
1.38011 0.252402 
1.48367 0.268344
1.37708 0.245808
1.48292 0.268
1.37405 0.238626
1.48181 0.267497 
1.37102 0.230855
1.48034 0.266845
1.36798 0.222496
1.47852 0.266057 
1.36495 0.213548
1.47636 0.26515
1.36192 0.204011
1.47387 0.26414
1.35889 0.193886
1.47105 0.263047 
1.35586 0.183172
1.46793 0.261891
1.35283 0.17187
1.46452 0.260692
1.3498 0.159979 
1.46082 0.259473 
1.34677 0.147499
1.45687 0.258255
1.34374 0.134431
1.45267 0.257059
1.34071 0.120774 
1.44824 0.255906
1.33768 0.106528
1.44362 0.254814
1.33465 0.0916942
1.43882 0.253803
1.33162 0.0762716 
1.43387 0.252889
1.32859 0.0602603
1.42879 0.252084
1.32556 0.0436605
1.42362 0.2514
1.32282 0.0569403 
1.41839 0.250847
1.32009 0.0696316
1.41312 0.250431
1.31736 0.0817343
1.40784 0.250154
1.31463 0.0932484
1.40258 0.250017 
1.3119 0.104174
1.39737 0.250017
1.30916 0.114511
1.39224 0.250151
1.30643 0.124259
1.38722 0.250409 
1.3037 0.133419
1.38234 0.250782
1.30097 0.14199
1.37761 0.251258
1.29824 0.149972
1.37306 0.251823
1.29551 0.157366
1.36871 0.252463 
1.29277 0.164172
1.36458 0.253161
1.29004 0.170388
1.36069 0.253901
1.28731 0.176016 
1.35705 0.254666
1.28458 0.181056
1.35368 0.255438
1.28185 0.185507
1.35058 0.256202 
1.24638 0.155626
1.35418 0.25532
1.21091 0.125157 
1.35796 0.254468
1.17544 0.0940995
1.36192 0.253659
1.13998 0.0624533
1.36602 0.252907 
1.10451 0.0302185
1.37026 0.252224
1.06962 0.0560063
1.3746 0.25162
1.03473 0.0812056 
1.37902 0.251104
0.999846 0.105816
1.3835 0.250682
0.964958 0.129838
1.38801 0.25036
0.930071 0.153272
1.39253 0.25014 
0.895184 0.176117
1.39703 0.250022
0.860296 0.198373
1.4015 0.250006
0.825409 0.220041
1.4059 0.250087
0.790521 0.24112 
1.41021 0.250261
0.755634 0.26161
1.41441 0.25052
0.720747 0.281512
1.41849 0.250857
0.685859 0.300825
1.42242 0.25126
0.650972 0.31955 
1.42618 0.25172
0.616084 0.337686
1.42975 0.252226
0.581197 0.355234
1.43313 0.252763
0.54631 0.372192
1.4363 0.253322
0.511422 0.388563 
1.43924 0.253888
0.476535 0.404344
1.44195 0.25445
0.441647 0.419537
1.44442 0.254995
0.40676 0.434142 
1.44664 0.255514
0.371873 0.448158
1.4486 0.255995
0.336985 0.461585
1.4503 0.25643
0.302098 0.474424
1.45174 0.256809 
0.26721 0.486674
1.45292 0.257128
0.232323 0.498335
1.45382 0.257379
0.197436 0.509408
1.45446 0.257559 
0.162548 0.519892
1.45484 0.257665
0.127661 0.529788
1.45495 0.257697
0.0927734 0.539095
1.4548 0.257655
0.057886 0.547814 
1.4544 0.25754
0.0229986 0.555944
1.45374 0.257355
-0.0118888 0.563485
1.45283 0.257105
-0.0467762 0.570437
1.45169 0.256795 
-0.0816636 0.576802
1.45031 0.256432
-0.116551 0.582577
1.44871 0.256023
-0.151438 0.587764
1.44689 0.255575
-0.186326 0.592362
1.44487 0.255098
-0.221213 0.596372
1.44265 0.254601 
-0.256101 0.599793
1.44025 0.254093
-0.290988 0.602625
1.43768 0.253582
-0.325875 0.604869
1.43496 0.253079
-0.360763 0.606525 
1.43209 0.252591
-0.39565 0.607591
1.4291 0.252128
-0.430538 0.608069
1.42599 0.251696 
-0.465425 0.607959
1.42279 0.251303
-0.500312 0.60726
1.41952 0.250954 
-0.5352 0.605972
1.41618 0.250656
-0.570087 0.604096
1.4128 0.25041
-0.604975 0.601631
1.4094 0.250221 
-0.639862 0.598577
1.40599 0.25009
-0.674749 0.594935
1.4026 0.250017
-0.709637 0.590704
1.39923 0.250001
-0.744524 0.585885 
1.39591 0.250042
-0.779412 0.580477
1.39265 0.250135
-0.814299 0.574481
1.38947 0.250278
-0.849186 0.567895
1.38638 0.250464
-0.884074 0.560722
1.3834 0.25069
-0.918961 0.552959 
1.38055 0.250948
-0.953849 0.544608
1.37783 0.251233
-0.988736 0.535669
1.37525 0.251537
-1.02362 0.526141
1.37283 0.251854 
-1.05851 0.516024
1.37058 0.252176
-1.0934 0.505319
1.3685 0.252496
-1.12829 0.494025
1.3666 0.252808
-1.16317 0.482142 
1.36489 0.253105
-1.19806 0.469671
1.36338 0.253381
-1.23295 0.456611
1.36206 0.253632
-1.26784 0.442963
1.36094 0.253851