0.0 0.3 
1.5995 0.435853
0.008 0.319706
1.59939 0.434376 
0.016 0.338823
1.59918 0.43195 
0.024 0.357351
1.59885 0.428591
0.032 0.375291 
1.59834 0.424319
0.04 0.392643 
1.59761 0.419156
0.048 0.409405 
1.59657 0.413131
0.056 0.425579 
1.59516 0.406278
0.064 0.441165 
1.59329 0.398644
0.072 0.456162
1.59088 0.390283
0.08 0.47057 
1.58782 0.381262
0.088 0.48439 
1.58402 0.371663
0.096 0.497621
1.57939 0.361583 
0.104 0.510263
1.57386 0.351134 
0.112 0.522317
1.56733 0.340445
0.12 0.533783 
1.55974 0.329658
0.128 0.544659 
1.55106 0.318929
0.136 0.554947
1.54127 0.308425
0.144 0.564647 
1.53036 0.298319
0.152 0.573758
1.51836 0.288784 
0.16 0.58228
1.50534 0.279992
0.168 0.590214
1.49139 0.272104
0.176 0.597559 
1.47663 0.265263
0.184 0.604315 
1.4612 0.259593
0.192 0.610483
1.44526 0.255188
0.2 0.616063
1.429 0.252113 
0.208 0.621053
1.4126 0.250397
0.216 0.625455
1.39626 0.250035
0.224 0.629269
1.38016 0.250986 
0.232 0.632494
1.36449 0.253177
0.24 0.63513
1.3494 0.256507
0.248 0.637178
1.33502 0.26085 
0.256 0.638637
1.32147 0.266061
0.264 0.639507 
1.30884 0.271983
0.272 0.639789
1.29718 0.278454 
0.28 0.639483
1.28652 0.285308
0.288 0.638587
1.27688 0.292385
0.296 0.637103
1.26824 0.299532
0.304 0.635031 
1.26058 0.306606
0.312 0.63237
1.25384 0.313478
0.32 0.62912 
1.24799 0.320032
0.328 0.625282
1.24295 0.326169
0.336 0.620855 
1.23866 0.331804
0.344 0.615839
1.23507 0.336864 
0.352 0.610235
1.23212 0.341293
0.36 0.604043
1.22975 0.345045 
0.368 0.597261
1.22791 0.348087
0.376 0.589891
1.22657 0.350394 
0.384 0.581933
1.22568 0.351953
0.392 0.573386
1.22523 0.352756
0.4 0.56425
1.2252 0.352807
0.408 0.554526
1.22559 0.352113 
0.416 0.544213
1.2264 0.35069
0.424 0.533311
1.22763 0.348562 
0.432 0.521821
1.22931 0.345757
0.44 0.509743
1.23147 0.342313 
0.448 0.497075
1.23412 0.338273
0.456 0.483819 
1.2373 0.333689
0.464 0.469975
1.24105 0.328619
0.472 0.455542 
1.24539 0.323131
0.48 0.44052
1.25037 0.317299
0.488 0.42491
1.256 0.311205
0.496 0.408711
1.26232 0.304937
0.504 0.391923
1.26933 0.29859
0.512 0.374547 
1.27704 0.292261
0.52 0.356583
1.28545 0.286053
0.528 0.338029
1.29454 0.280066 
0.536 0.318887
1.30427 0.274401
0.544 0.299157 
1.31459 0.269152
0.552 0.278838
1.32546 0.264409 
0.56 0.25793
1.33679 0.26025
0.568 0.236434 
1.34851 0.256741
0.576 0.214349 
1.36052 0.253936
0.584 0.191675
1.37271 0.25187 
0.592 0.168413
1.38499 0.250564 
0.6 0.144563
1.39725 0.250019
0.608 0.120123 
1.40937 0.25022
0.616 0.0950953 
1.42127 0.251134
0.624 0.0694788
1.43284 0.252715
0.632 0.0432737
1.44401 0.254902
0.639523 0.0644732
1.45469 0.257622 
0.647046 0.0853784
1.46482 0.260795
0.654569 0.105695 
1.47435 0.264334
0.662092 0.125423 
1.48325 0.268149
0.669615 0.144563 
1.49148 0.27215
0.677138 0.163113 
1.49904 0.276245
0.684661 0.181076
1.50592 0.280348 
0.692184 0.198449
1.51211 0.284378
0.699707 0.215234 
1.51764 0.288258
0.70723 0.231431
1.52252 0.291918 
0.714753 0.247038
1.52676 0.295299
0.722276 0.262058 
1.53039 0.298345
0.729799 0.276488 
1.53343 0.301013
0.737322 0.29033
1.5359 0.303265 
0.744845 0.303584
1.53783 0.305072
0.752368 0.316249 
1.53922 0.306413
0.759891 0.328325
1.5401 0.307274 
0.767414 0.339812
1.54049 0.30765 
0.774937 0.350711
1.54038 0.30754
0.78246 0.361022 
1.53978 0.306954
0.789983 0.370744
1.53869 0.305903
0.797506 0.379877
1.53713 0.30441
0.805029 0.388421 
1.53507 0.3025
0.812552 0.396377
1.53252 0.300205
0.820075 0.403745
1.52947 0.297563
0.827598 0.410524
1.52592 0.294617
0.835121 0.416714 
1.52186 0.291414
0.842644 0.422316
1.51729 0.288006
0.850167 0.427329 
1.51222 0.284448
0.85769 0.431753
1.50663 0.280798
0.865213 0.435589
1.50055 0.277116
0.872736 0.438836 
1.49399 0.273464
0.880259 0.441495 
1.48697 0.269901
0.887782 0.443565
1.47952 0.266488 
0.895305 0.445046
1.47166 0.26328 
0.902828 0.445939
1.46345 0.260331
0.910351 0.446243
1.45492 0.257689
0.917874 0.445959
1.44613 0.255393
0.925397 0.445086 
1.43714 0.253478
0.93292 0.443624
1.428 0.251969
0.940443 0.441574 
1.41877 0.250883
0.947966 0.438935
1.40954 0.250227 
0.955489 0.435708
1.40035 0.25
0.963012 0.431892 
1.39127 0.250191
0.970535 0.427487 
1.38236 0.250779
0.978058 0.422494
1.37369 0.251738
0.985582 0.416912 
1.3653 0.253034
0.993105 0.410742
1.35723 0.254626
1.00063 0.403983
1.34955 0.256469
1.00815 0.396635 
1.34227 0.258515
1.01567 0.388699
1.33542 0.260713
1.0232 0.380174 
1.32904 0.263012 
1.03072 0.371061
1.32314 0.26536
1.03824 0.361359 
1.31772 0.267708
1.04577 0.351069 
1.31281 0.270007
1.05329 0.340189
1.30839 0.272212
1.06081 0.328722
1.30448 0.274283
1.06833 0.316665
1.30107 0.276182
1.07586 0.30402
1.29815 0.277876
1.08338 0.290787 
1.29572 0.279338
1.0909 0.276964
1.29377 0.280546 
1.09843 0.262554
1.29229 0.28148
1.10595 0.247554
1.29128 0.28213 
1.11347 0.231966 
1.29073 0.282488
1.121 0.21579
1.29063 0.282551
1.12852 0.199025
1.29098 0.282323 
1.13604 0.181671
1.29178 0.28181 
1.14356 0.163728
1.29301 0.281024 
1.15109 0.145197
1.29467 0.279982
1.15861 0.126078 
1.29676 0.278704
1.16613 0.10637
1.29928 0.277212
1.17366 0.0860728 
1.30221 0.275535
1.18118 0.0651875
1.30556 0.273703 
1.1887 0.0437135
1.3093 0.271746 
1.19583 0.0611281
1.31344 0.269701 
1.20297 0.0782484
1.31796 0.267601 
1.2101 0.0947802
1.32284 0.265485 
1.21723 0.110723
1.32806 0.263387 
1.22436 0.126078
1.3336 0.261343
1.23149 0.140844 
1.33944 0.259388
1.23862 0.155021 
1.34555 0.257554
1.24575 0.16861 
1.35189 0.255872
1.25288 0.18161
1.35844 0.254366 
1.26001 0.194021
1.36515 0.25306
1.26715 0.205844
1.37198 0.251972
1.27428 0.217079
1.3789 0.251116
1.28141 0.227724
1.38586 0.250501
1.28854 0.237782 
1.39282 0.250129
1.29567 0.24725
1.39973 0.25
1.3028 0.25613
1.40657 0.250108 
1.30993 0.264421
1.41327 0.250441
1.31706 0.272124
1.41982 0.250984 
1.3242 0.279238
1.42616 0.251719
1.33133 0.285764
1.43228 0.252622
1.33846 0.291701 
1.43814 0.25367
1.34559 0.297049
1.4437 0.254834
1.35272 0.301809 
1.44896 0.256086
1.35985 0.30598
1.45389 0.257397 
1.36698 0.309562
1.45847 0.258739
1.37411 0.312556
1.46269 0.26008 
1.38124 0.314962
1.46654 0.261395
1.38447 0.319179
1.47006 0.262673
1.38756 0.322892 
1.4732 0.263875
1.39065 0.326016
1.47594 0.264978
1.39374 0.328551
1.47829 0.265962
1.39684 0.330498
1.48026 0.266809
1.39993 0.331856
1.48183 0.267506 
1.40302 0.332626
1.48301 0.268042
1.40611 0.332807
1.48381 0.268409
1.40608 0.334934
1.48426 0.268615
1.40591 0.336592
1.48432 0.268646 
1.40574 0.337662
1.48402 0.268504
1.40557 0.338143
1.48334 0.268193 
1.4054 0.338035
1.48231 0.267721
1.40523 0.337339 
1.48091 0.267098
1.40506 0.336054
1.47917 0.266337 
1.40488 0.33418
1.47709 0.265453 
1.40152 0.3347
1.47912 0.266315 
1.39801 0.334771
1.48077 0.267033
1.3945 0.334253 
1.48203 0.267595
1.39099 0.333147
1.4829 0.267992
1.38748 0.331452
1.4834 0.26822
1.38397 0.329169
1.48352 0.268276
1.38045 0.326297 
1.48327 0.268161
1.37694 0.322836
1.48266 0.267881 
1.37343 0.318787
1.48168 0.267441
1.36992 0.314149
1.48035 0.266851 
1.36641 0.308923
1.47867 0.266124 
1.3629 0.303108
1.47666 0.265273
1.35939 0.296704 
1.47431 0.264316
1.35588 0.289712
1.47164 0.26327
1.35237 0.282131
1.46866 0.262155
1.34885 0.273962
1.46539 0.26099
1.34534 0.265204 
1.46183 0.259797
1.34183 0.255857
1.45801 0.258597
1.33832 0.245922
1.45394 0.257411
1.33481 0.235398
1.44964 0.256259 
1.3313 0.224286
1.44514 0.255161
1.32779 0.212585
1.44045 0.254134 
1.32428 0.200295
1.43561 0.253196
1.32077 0.187417 
1.43063 0.25236
1.31726 0.17395
1.42555 0.251639 
1.31374 0.159895
1.42039 0.251042
1.31023 0.145251 
1.41518 0.250577
1.30672 0.130018
1.40995 0.250248 
1.30321 0.114197
1.40474 0.250056 
1.2997 0.0977871
1.39956 0.25
1.29619 0.0807887
1.39445 0.250077
1.29268 0.0632017
1.38943 0.25028
1.28917 0.0450261
1.38453 0.250599
1.28599 0.059802
1.37978 0.251025 
1.28281 0.0742836
1.37519 0.251545 
1.27963 0.0881767
1.37079 0.252144 
1.27645 0.101481 
1.36661 0.252807
1.27327 0.114197
1.36265 0.253519 
1.2701 0.126324
1.35893 0.254262
1.26692 0.137863 
1.35547 0.255021
1.26374 0.148813
1.35227 0.255778
1.26056 0.159174
1.34935 0.256519
1.25738 0.168947
1.34672 0.257227
1.2542 0.178131
1.34438 0.257889 
1.25102 0.186727
1.34234 0.258493
1.24784 0.194734 
1.34059 0.259026
1.24467 0.202152 
1.33915 0.259481
1.24149 0.208982 
1.33801 0.259848 
1.23831 0.215223 
1.33718 0.260123
1.23513 0.220876
1.33664 0.2603 
1.23195 0.22594
1.33641 0.260378 
1.22877 0.230416
1.33647 0.260357
1.22559 0.234302
1.33683 0.260239
1.22242 0.237601 
1.33747 0.260026
1.21924 0.24031
1.3384 0.259723 
1.21606 0.242431 
1.3396 0.259338
1.21288 0.243964 
1.34107 0.258879 
1.2097 0.244908
1.3428 0.258354
1.20652 0.245263 
1.34478 0.257773
1.20334 0.245029 
1.34701 0.257149
1.20017 0.244207 
1.34946 0.256492
1.19699 0.242797 
1.35213 0.255814
1.19381 0.240798
1.355 0.255129 
1.19063 0.23821 
1.35806 0.254448
1.18745 0.235034
1.36129 0.253782
1.18427 0.231269 
1.36468 0.253144
1.18109 0.226915
1.3682 0.252544
1.17792 0.221973 
1.37185 0.251991
1.17474 0.216442
1.37559 0.251495 
1.17156 0.210323
1.37942 0.251062
1.16838 0.203615 
1.38331 0.250698
1.1652 0.196318 
1.38723 0.250408
1.16202 0.188433 
1.39117 0.250195
1.15884 0.179959 
1.39512 0.25006
1.15567 0.170897
1.39903 0.250002 
1.15249 0.161246
1.40291 0.250021
1.14931 0.151006 
1.40672 0.250113
1.14613 0.140178 
1.41045 0.250273
1.14295 0.128761 
1.41407 0.250496
1.13977 0.116756 
1.41758 0.250774
1.13659 0.104162
1.42096 0.251101 
1.13342 0.0909794
1.42418 0.251468
1.13024 0.0772083
1.42725 0.251865 
1.12706 0.0628485
1.43014 0.252283 
1.12388 0.0479001
1.43284 0.252714
1.12097 0.0600942 
1.43534 0.253147
1.11807 0.0719941 
1.43764 0.253573
1.11517 0.0833053
1.43972 0.253984
1.11226 0.094028 
1.44159 0.254371
1.10936 0.104162
1.44323 0.254727
1.10645 0.113707
1.44464 0.255045
1.10355 0.122664 
1.44582 0.255319
1.10065 0.131033
1.44676 0.255544 
1.09774 0.138812
1.44748 0.255717 
1.09484 0.146003
1.44796 0.255834
1.09193 0.152606 
1.4482 0.255895
1.08903 0.158619 
1.44822 0.255899
1.08612 0.164045
1.448 0.255846
1.08322 0.168881
1.44756 0.255738
1.08032 0.173129
1.44691 0.255578 
1.07741 0.176789
1.44603 0.255369
1.07451 0.17986 
1.44495 0.255117
1.0716 0.182342
1.44367 0.254825