0 0.3
1.5995 0.435853
0.008 0.319706
1.59939 0.434379
0.016 0.338823
1.59918 0.431962
0.024 0.357351
1.59885 0.428619
0.032 0.375291
1.59835 0.424367
0.04 0.392643 
1.59762 0.41923
0.048 0.409405
1.59659 0.413236
0.056 0.425579
1.59519 0.40642
0.064 0.441165
1.59334 0.398826
0.072 0.456162
1.59095 0.390509
0.08 0.47057
1.58792 0.381535
0.088 0.48439
1.58416 0.371984
0.096 0.497621
1.57958 0.361952
0.104 0.510263
1.57409 0.351549
0.112 0.522317
1.56762 0.340902
0.12 0.533783 
1.56011 0.330152
0.128 0.544659
1.55152 0.319453
0.136 0.554947
1.54181 0.308969
0.144 0.564647
1.531 0.298871
0.152 0.573758
1.5191 0.289332
0.16 0.58228
1.50619 0.28052
0.168 0.590214
1.49235 0.272596
0.176 0.597559
1.47768 0.265704
0.184 0.604315
1.46235 0.259966
0.192 0.610483
1.4465 0.25548 
0.2 0.616063
1.43031 0.25231
0.208 0.621053
1.41398 0.250489
0.216 0.625455
1.39768 0.250013
0.224 0.629269
1.38162 0.250846
0.232 0.632494
1.36596 0.252918
0.24 0.63513
1.35086 0.25613
0.248 0.637178
1.33646 0.26036 
0.256 0.638637
1.32288 0.265467
0.264 0.639507
1.31019 0.271296
0.272 0.639789
1.29847 0.277687
0.28 0.639483
1.28774 0.284475
0.288 0.638587
1.27802 0.291502
0.296 0.637103
1.2693 0.298614
0.304 0.635031
1.26155 0.305671
0.312 0.63237
1.25472 0.312541
0.32 0.62912
1.24878 0.319109 
0.328 0.625282
1.24366 0.325275
0.336 0.620855
1.23929 0.330951
0.344 0.615839
1.23562 0.336067
0.352 0.610235
1.2326 0.340562
0.36 0.604043
1.23016 0.344392
0.368 0.597261
1.22825 0.34752
0.376 0.589891 
1.22684 0.349922
0.384 0.581933
1.22589 0.351582
0.392 0.573386
1.22538 0.352494
0.4 0.56425
1.22529 0.352657
0.408 0.554526
1.22561 0.352079
0.416 0.544213
1.22635 0.350776
0.424 0.533311
1.22751 0.348768
0.432 0.521821
1.22912 0.346084 
0.44 0.509743
1.23118 0.342758
0.448 0.497075
1.23374 0.338834
0.456 0.483819
1.23682 0.334361
0.464 0.469975
1.24046 0.329395
0.472 0.455542
1.24468 0.324003
0.48 0.44052
1.24952 0.318255
0.488 0.42491
1.25502 0.312233
0.496 0.408711
1.26118 0.306021
0.504 0.391923
1.26804 0.299713
0.512 0.374547
1.27559 0.293406
0.52 0.356583
1.28383 0.287198
0.528 0.338029
1.29275 0.28119
0.536 0.318887
1.30231 0.275481 
0.544 0.299157
1.31248 0.270167
0.552 0.278838
1.32319 0.265336
0.56 0.25793
1.33439 0.261069
0.568 0.236434
1.34598 0.257434
0.576 0.214349
1.35788 0.254486
0.584 0.191675
1.36998 0.252265
0.592 0.168413
1.3822 0.250794
0.6 0.144563
1.39441 0.250078
0.608 0.120123 
1.40652 0.250106
0.616 0.0950953
1.41843 0.250851
0.624 0.0694788
1.43003 0.252268
0.632 0.0432737
1.44125 0.254301
0.639523 0.0644732
1.45201 0.25688
0.647046 0.0853784
1.46223 0.259929
0.654569 0.105695
1.47188 0.263362
0.662092 0.125423 
1.4809 0.267092
0.669615 0.144563
1.48927 0.271027
0.677138 0.163113
1.49697 0.27508
0.684661 0.181076
1.50399 0.279163
0.692184 0.198449
1.51034 0.283193
0.699707 0.215234
1.51603 0.287095
0.70723 0.231431
1.52106 0.290797 
0.714753 0.247038
1.52545 0.294237
0.722276 0.262058
1.52923 0.297361
0.729799 0.276488
1.53242 0.300121
0.737322 0.29033
1.53505 0.302478
0.744845 0.303584
1.53712 0.304402
0.752368 0.316249
1.53866 0.305869
0.759891 0.328325
1.53969 0.306864
0.767414 0.339812 
1.54021 0.307379
0.774937 0.350711
1.54025 0.307413
0.78246 0.361022
1.53979 0.306971
0.789983 0.370744
1.53886 0.306065
0.797506 0.379877
1.53745 0.304713
0.805029 0.388421
1.53555 0.302939
0.812552 0.396377
1.53316 0.300775 
0.820075 0.403745
1.53028 0.298254
0.827598 0.410524
1.5269 0.295418
0.835121 0.416714
1.52302 0.292312
0.842644 0.422316
1.51864 0.288987
0.850167 0.427329
1.51375 0.285495
0.85769 0.431753
1.50835 0.281893
0.865213 0.435589
1.50246 0.27824
0.872736 0.438836 
1.49609 0.274596
0.880259 0.441495
1.48926 0.271021
0.887782 0.443565
1.48198 0.267574
0.895305 0.445046
1.4743 0.264313
0.902828 0.445939
1.46624 0.261289
0.910351 0.446243
1.45786 0.258553
0.917874 0.445959
1.4492 0.256147
0.925397 0.445086
1.44032 0.254107
0.93292 0.443624
1.43127 0.25246
0.940443 0.441574
1.42212 0.251227 
0.947966 0.438935
1.41293 0.250419
0.955489 0.435708
1.40377 0.250036
0.963012 0.431892
1.39469 0.25007
0.970535 0.427487
1.38576 0.250507
0.978058 0.422494
1.37704 0.251322
0.985582 0.416912 
1.36858 0.252483
0.993105 0.410742
1.36043 0.253953
1.00063 0.403983
1.35264 0.255689
1.00815 0.396635
1.34523 0.257645
1.01567 0.388699
1.33825 0.259771
1.0232 0.380174 
1.33172 0.262017
1.03072 0.371061
1.32565 0.264332
1.03824 0.361359
1.32007 0.266667
1.04577 0.351069
1.31498 0.268972
1.05329 0.340189
1.31038 0.271203
1.06081 0.328722
1.30628 0.273316
1.06833 0.316665 
1.30268 0.275274
1.07586 0.30402
1.29957 0.277043
1.08338 0.290787
1.29695 0.278594
1.0909 0.276964
1.2948 0.279901
1.09843 0.262554
1.29313 0.280945
1.10595 0.247554 
1.29193 0.281712
1.11347 0.231966
1.29118 0.282193
1.121 0.21579
1.29089 0.282383
1.12852 0.199025
1.29105 0.282283
1.13604 0.181671
1.29164 0.281898
1.14356 0.163728
1.29267 0.281237 
1.15109 0.145197
1.29414 0.280316
1.15861 0.126078
1.29603 0.279151
1.16613 0.10637
1.29834 0.277765
1.17366 0.0860728
1.30107 0.276182
1.18118 0.0651875
1.30421 0.274432
1.1887 0.0437135 
1.30775 0.272545
1.19583 0.0611281
1.31169 0.270554
1.20297 0.0782484
1.316 0.268493
1.2101 0.0947802
1.32069 0.266398
1.21723 0.110723
1.32572 0.264305
1.22436 0.126078
1.33108 0.262249
1.23149 0.140844
1.33675 0.260264
1.23862 0.155021
1.3427 0.258385
1.24575 0.16861 
1.34889 0.25664
1.25288 0.18161
1.35531 0.255058
1.26001 0.194021
1.3619 0.253663
1.26715 0.205844
1.36863 0.252475
1.27428 0.217079
1.37547 0.25151
1.28141 0.227724
1.38237 0.250778 
1.28854 0.237782
1.38929 0.250287
1.29567 0.24725
1.39619 0.250036
1.30189 0.256096
1.40304 0.250023
1.30811 0.264353
1.40979 0.25024
1.31434 0.272021
1.4164 0.250673
1.32056 0.279101
1.42283 0.251307
1.32678 0.285592
1.42904 0.25212
1.333 0.291495 
1.43501 0.253089
1.33922 0.296809
1.44071 0.254188
1.34544 0.301534
1.44612 0.25539
1.35167 0.305671
1.4512 0.256666
1.35789 0.309219
1.45596 0.257987
1.36411 0.312179
1.46036 0.259324
1.37033 0.31455 
1.46439 0.26065
1.37655 0.316332
1.46806 0.261936
1.38277 0.317526
1.47135 0.263158
1.389 0.318131
1.47425 0.264293
1.38464 0.324756
1.47688 0.265368
1.3748 0.334256
1.47919 0.266346
1.36496 0.343167
1.48111 0.267183
1.35512 0.351489
1.48263 0.267868
1.34528 0.359223
1.48377 0.268388 
1.33544 0.366369
1.48452 0.268737
1.3256 0.372925
1.48489 0.268911
1.31577 0.378893
1.48489 0.268908
1.30593 0.384273
1.48451 0.268732
1.29609 0.389064
1.48376 0.268386
1.28625 0.393266
1.48266 0.26788
1.27641 0.39688
1.4812 0.267224
1.26657 0.399905
1.47939 0.266431
1.25673 0.402341 
1.47724 0.265517
1.24689 0.404189
1.47476 0.264499
1.23705 0.405449
1.47196 0.263396
1.22721 0.406119
1.46886 0.262227
1.21737 0.406201
1.46546 0.261014
1.20753 0.405695
1.46177 0.259779
1.19769 0.4046
1.45783 0.258543
1.18785 0.402916
1.45364 0.257327
1.17802 0.400644 
1.44922 0.256152
1.16818 0.397783
1.44461 0.255038
1.15834 0.394333
1.43981 0.254002
1.1485 0.390295
1.43486 0.253061
1.13866 0.385669
1.42978 0.25223
1.12882 0.380453
1.4246 0.251519
1.11898 0.374649
1.41936 0.250939
1.10914 0.368257
1.41407 0.250495
1.0993 0.361276
1.40877 0.250192 
1.08946 0.353706
1.40348 0.25003
1.07962 0.345548
1.39825 0.250008
1.06978 0.336801
1.39308 0.25012
1.05994 0.327465
1.38802 0.250359
1.0501 0.317541
1.38309 0.250716
1.04027 0.307029
1.37831 0.25118
1.03043 0.295927
1.37371 0.251736
1.02059 0.284237
1.3693 0.25237
1.01075 0.271959
1.36511 0.253067 
1.00091 0.259092
1.36115 0.253809
0.991069 0.245636
1.35744 0.25458
0.98123 0.231592 
1.35399 0.255363
0.971391 0.216959
1.35082 0.256141
0.961551 0.201737
1.34793 0.256898
0.951712 0.185927 
1.34532 0.257619 
0.941873 0.169529
1.34302 0.25829 
0.932034 0.152541
1.34101 0.258898
0.922194 0.134965
1.33931 0.259432
0.912355 0.116801
1.33791 0.259883
0.902516 0.0980477
1.33681 0.260243
0.892676 0.078706
1.33603 0.260507
0.882837 0.0587757
1.33554 0.260671
0.872998 0.0382568
1.33536 0.260733
0.863533 0.0549074
1.33548 0.260693 
0.854069 0.0712637
1.33589 0.260553
0.844604 0.0870313
1.33659 0.260317
0.835139 0.10221
1.33758 0.259991
0.825675 0.116801
1.33884 0.259581
0.81621 0.130803
1.34037 0.259096
0.806745 0.144216
1.34216 0.258545
0.797281 0.157041
1.34421 0.257939
0.787816 0.169277
1.34649 0.25729
0.778351 0.180924
1.34901 0.25661
0.768887 0.191983
1.35174 0.25591
0.759422 0.202453 
1.35467 0.255204
0.749957 0.212335
1.3578 0.254503
0.740493 0.221628
1.36109 0.253821
0.731028 0.230332
1.36454 0.253168
0.721563 0.238448
1.36813 0.252556
0.712099 0.245976
1.37184 0.251993
0.702634 0.252914
1.37564 0.251489
0.69317 0.259264
1.37952 0.251051
0.683705 0.265026 
1.38347 0.250685
0.67424 0.270199
1.38745 0.250394
0.664776 0.274783
1.39144 0.250183
0.655311 0.278779
1.39543 0.250052
0.645846 0.282186
1.3994 0.250001
0.636382 0.285004
1.40332 0.250028
0.626917 0.287234
1.40717 0.250129
0.617452 0.288875
1.41094 0.250299
0.607988 0.289928
1.4146 0.250534 
0.598523 0.290392
1.41815 0.250825
0.589058 0.290267
1.42155 0.251165
0.579594 0.289554
1.42481 0.251545
0.570129 0.288252
1.4279 0.251955
0.560665 0.286362 
1.43081 0.252387
0.5512 0.283883
1.43353 0.25283
0.541735 0.280816
1.43605 0.253276
0.532271 0.27716
1.43836 0.253714
0.522806 0.272915
1.44046 0.254135
0.513341 0.268081
1.44233 0.254532 
0.503877 0.26266
1.44398 0.254896
0.494412 0.256649
1.4454 0.255221
0.484947 0.25005
1.44658 0.2555
0.475483 0.242862
1.44753 0.255729
0.466018 0.235086
1.44824 0.255905
0.456553 0.226721
1.44872 0.256024
0.447089 0.217767
1.44896 0.256084
0.437624 0.208225 
1.44896 0.256086
0.428159 0.198094
1.44874 0.25603
0.418695 0.187375
1.44829 0.255918
0.40923 0.176067
1.44762 0.255752
0.399766 0.164171
1.44674 0.255537
0.390301 0.151685
1.44564 0.255277
0.380836 0.138612
1.44434 0.254977
0.371372 0.124949
1.44284 0.254643
0.361907 0.110698
1.44116 0.254281 
0.352442 0.0958589
1.4393 0.253899
0.342978 0.0804308
1.43727 0.253504
0.333513 0.064414
1.43509 0.253102
0.324048 0.0478087
1.43276 0.252701
0.314888 0.0613284
1.4303 0.252309
0.305727 0.0745538
1.42772 0.25193
0.296567 0.0871906
1.42503 0.251573
0.287407 0.0992388
1.42226 0.251242
0.278246 0.110698 
1.4194 0.250943
0.269086 0.121569
1.41649 0.250681
0.259925 0.131852
1.41352 0.250458
0.250765 0.141546
1.41053 0.250277
0.241604 0.150651
1.40752 0.250141
0.232444 0.159167
1.40451 0.250051
0.223283 0.167096
1.40151 0.250006
0.214123 0.174435
1.39854 0.250005 
0.204962 0.181186
1.39562 0.250048
0.195802 0.187348
1.39275 0.250131
0.186642 0.192922
1.38996 0.250252
0.177481 0.197907
1.38725 0.250407
0.168321 0.202303
1.38464 0.250591
0.15916 0.206111
1.38214 0.250799
0.15 0.20933
1.37976 0.251027
0.140839 0.211961
1.37751 0.251269 
0.131679 0.214003
1.3754 0.251519
0.122518 0.215456
1.37343 0.251773
0.113358 0.216321
1.37162 0.252024
0.104198 0.216597
1.36997 0.252267
0.0950371 0.216285
1.36848 0.252499
0.0858766 0.215384
1.36717 0.252713 
0.0767162 0.213894
1.36603 0.252906
0.0675557 0.211816
1.36507 0.253074
0.0583953 0.209149
1.36429 0.253214
0.0492348 0.205894
1.36368 0.253325
0.0400744 0.20205
1.36326 0.253403
0.0309139 0.197617
1.36302 0.253448 
0.0217535 0.192596
1.36296 0.25346
0.012593 0.186986
1.36307 0.253439
0.00343255 0.180788
1.36336 0.253385
-0.0057279 0.174001
1.36382 0.2533
-0.0148884 0.166625
1.36445 0.253185
-0.0240488 0.158661
1.36524 0.253045
-0.0332093 0.150108
1.36618 0.25288
-0.0423697 0.140967 
1.36728 0.252695
-0.0515302 0.131237
1.36852 0.252494
-0.0606906 0.120918
1.36989 0.252279
-0.0698511 0.110011
1.3714 0.252056
-0.0790115 0.0985153
1.37302 0.251828
-0.088172 0.0864309
1.37476 0.251599
-0.0973324 0.0737579 
1.3766 0.251374
-0.106493 0.0604963
1.37852 0.251156
-0.115653 0.0466461
1.38054 0.250949
-0.124559 0.0579617
1.38262 0.250757
-0.133465 0.068983
1.38476 0.250582
-0.142371 0.0794157
1.38695 0.250426
-0.151277 0.0892598 
1.38918 0.250293
-0.160183 0.0985153
1.39143 0.250184
-0.169088 0.107182
1.3937 0.250099
-0.177994 0.11526
1.39597 0.250041
-0.1869 0.12275
1.39824 0.250008
-0.195806 0.129651
1.40048 0.250001
-0.204712 0.135964 
1.40269 0.250018
-0.213618 0.141688
1.40487 0.250059
-0.222524 0.146823
1.40699 0.250122
-0.231429 0.15137
1.40905 0.250205
-0.240335 0.155328
1.41104 0.250305
-0.249241 0.158697
1.41295 0.25042
-0.258147 0.161478 
1.41478 0.250547
-0.267053 0.16367
1.4165 0.250682
-0.275959 0.165274
1.41813 0.250824
-0.284865 0.166289
1.41965 0.250968
-0.29377 0.166716
1.42105 0.251111
-0.302676 0.166554
1.42234 0.251251
-0.311582 0.165803
1.4235 0.251385
-0.320488 0.164464 
1.42453 0.25151
-0.329394 0.162536
1.42543 0.251623
-0.3383 0.160019
1.42619 0.251723
-0.347205 0.156914
1.42682 0.251807
-0.356111 0.15322
1.42732 0.251874
-0.365017 0.148938
1.42767 0.251924
-0.373923 0.144067
1.42789 0.251955
-0.382829 0.138608
1.42798 0.251966
-0.391735 0.132559
1.42792 0.251959
-0.400641 0.125923
1.42774 0.251933
-0.409546 0.118697
1.42742 0.251889
-0.418452 0.110884
1.42698 0.251828
-0.427358 0.102481
1.42641 0.251751
-0.436264 0.0934899
1.42572 0.251661
-0.44517 0.0839102
1.42492 0.251558
-0.454076 0.0737419
1.42401 0.251446
-0.462982 0.062985
1.42299 0.251325
-0.471887 0.0516395
1.42187 0.251199
-0.480793 0.0397053 
1.42066 0.25107
-0.489479 0.0494881
1.41937 0.25094
-0.498341 0.0416619
1.418 0.250811
-0.507062 0.0479228
1.41655 0.250686
-0.515895 0.0429141
1.41505 0.250567
-0.524639 0.0469211
1.41349 0.250455
-0.533455 0.0437155
1.41188 0.250353
-0.542212 0.04628
1.41023 0.250262
-0.551017 0.0442284
1.40856 0.250183
-0.559784 0.0458697 
1.40686 0.250118
-0.56858 0.0445566
1.40515 0.250066
-0.577353 0.045607
1.40344 0.25003
-0.586145 0.0447667
1.40173 0.250007
-0.594922 0.045439
1.40004 0.25
-0.603711 0.0449012
1.39836 0.250007
-0.61249 0.0453314
1.39671 0.250027
-0.621277 0.0449872
1.3951 0.25006