0 0.3
1.5995 0.435853
0.008 0.319411
1.59935 0.433898
0.016 0.338234
1.5991 0.431002
0.024 0.356468
1.59869 0.427182
0.032 0.374114
1.59809 0.422459 
0.04 0.391171
1.59723 0.416857
0.048 0.407639
1.59604 0.410408
0.056 0.423519
1.59444 0.403153
0.064 0.43881
1.59233 0.395139
0.072 0.453513
1.58963 0.386429
0.08 0.467627
1.58624 0.377095
0.088 0.481152
1.58207 0.367228
0.096 0.494089
1.57703 0.35693
0.104 0.506437
1.57103 0.346322
0.112 0.518197 
1.56401 0.335539
0.12 0.529368
1.55591 0.324732
0.128 0.53995
1.5467 0.314062
0.136 0.549944
1.53637 0.303699
0.144 0.559349
1.52493 0.293819
0.152 0.568166
1.51243 0.284593
0.16 0.576394
1.49895 0.276191
0.168 0.584033
1.48458 0.268765 
0.176 0.591084
1.46946 0.262451
0.184 0.597546
1.45375 0.257359
0.192 0.60342
1.43762 0.25357
0.2 0.608705
1.42126 0.251133
0.208 0.613401
1.40485 0.250059
0.216 0.617509
1.38859 0.250326
0.224 0.621028
1.37266 0.251878
0.232 0.623959 
1.35723 0.254626
0.24 0.626301
1.34245 0.258457
0.248 0.628054
1.32845 0.263236
0.256 0.629219
1.31533 0.268809
0.264 0.629795
1.30315 0.275017
0.272 0.629783
1.29196 0.281694
0.28 0.629182
1.28178 0.288677
0.288 0.627992
1.27262 0.295807 
0.296 0.626214
1.26445 0.302937
0.304 0.623847
1.25724 0.30993
0.312 0.620892
1.25093 0.316663
0.32 0.617348
1.24547 0.323028
0.328 0.613215
1.24081 0.328932
0.336 0.608494
1.23687 0.334297 
0.344 0.603184
1.23359 0.339058
0.352 0.597286
1.23093 0.343164
0.36 0.590799
1.22882 0.346575
0.368 0.583723
1.22722 0.349263
0.376 0.576059
1.2261 0.351208
0.384 0.567806
1.22543 0.3524
0.392 0.558965
1.22519 0.352837 
0.4 0.549535
1.22536 0.352525
0.408 0.539516
1.22595 0.351475
0.416 0.528909
1.22696 0.349707
0.424 0.517713
1.22841 0.347246
0.432 0.505929
1.23032 0.344127
0.44 0.493556 
1.23271 0.340388
0.448 0.480594
1.23562 0.336078
0.456 0.467044
1.23907 0.331252
0.464 0.452905
1.2431 0.325972
0.472 0.438178
1.24775 0.32031
0.48 0.422862
1.25304 0.314343
0.488 0.406957
1.259 0.308156 
0.496 0.390464
1.26565 0.30184
0.504 0.373382
1.27301 0.295493
0.512 0.355712
1.28106 0.289214 
0.52 0.337453
1.28979 0.283104
0.528 0.318605
1.29919 0.277265
0.536 0.299169
1.30921 0.271793
0.544 0.279144
1.3198 0.266782
0.552 0.258531
1.3309 0.262316
0.56 0.237329
1.34242 0.258467
0.568 0.215538 
1.35429 0.255295
0.576 0.193159
1.36639 0.252845
0.584 0.170191
1.37863 0.251145
0.592 0.146635
1.3909 0.250207
0.6 0.12249
1.40309 0.250024
0.608 0.0977564
1.41511 0.250572
0.616 0.0724342
1.42685 0.25181 
0.624 0.0465234
1.43822 0.253686
0.631534 0.067252
1.44915 0.256133
0.639067 0.0873921
1.45956 0.259074
0.646601 0.106944
1.4694 0.262425
0.654134 0.125906
1.47861 0.266099
0.661668 0.144281
1.48718 0.270003
0.669202 0.162066
1.49508 0.274048
0.676735 0.179263
1.5023 0.278144
0.684269 0.195872
1.50884 0.282209
0.691802 0.211892
1.5147 0.286161 
0.699336 0.227323
1.51991 0.289929
0.70687 0.242165
1.52446 0.293448
0.714403 0.256419
1.5284 0.29666
0.721937 0.270085
1.53174 0.299516
0.72947 0.283162
1.53449 0.301975
0.737004 0.29565
1.53669 0.304004 
0.744538 0.30755
1.53836 0.305578
0.752071 0.318861
1.5395 0.306679
0.759605 0.329583 
1.54013 0.307299
0.767139 0.339717
1.54027 0.307434
0.774672 0.349262
1.53991 0.307088
0.782206 0.358219
1.53908 0.306272
0.789739 0.366587
1.53775 0.305003
0.797273 0.374366
1.53594 0.303305
0.804807 0.381557
1.53364 0.301207
0.81234 0.388159
1.53085 0.298743
0.819874 0.394173 
1.52755 0.295955
0.827407 0.399598
1.52375 0.292886
0.834941 0.404435
1.51945 0.289586
0.842475 0.408682
1.51463 0.286109
0.850008 0.412342
1.5093 0.282511
0.857542 0.415412 
1.50348 0.278852
0.865075 0.417894
1.49717 0.275192
0.872609 0.419788
1.49039 0.271591
0.880143 0.421093
1.48316 0.268109
0.887676 0.421809
1.47552 0.264805
0.89521 0.421936
1.46749 0.261732
0.902743 0.421475
1.45913 0.258942
0.910277 0.420426
1.45049 0.256477
0.917811 0.418788
1.44161 0.254376
0.925344 0.416561
1.43255 0.252667
0.932878 0.413746
1.42339 0.251372
0.940411 0.410342
1.41417 0.250503
0.947945 0.406349
1.40497 0.250062
0.955479 0.401768
1.39586 0.250043
0.963012 0.396598 
1.38688 0.250431
0.970546 0.39084
1.37811 0.251202
0.978079 0.384493
1.36959 0.252326
0.985613 0.377557
1.36138 0.253764
0.993147 0.370033
1.35352 0.255476
1.00068 0.36192
1.34605 0.257413
1.00821 0.353219
1.33901 0.259528
1.01575 0.343929
1.33241 0.261768
1.02328 0.334051
1.32628 0.264082 
1.03081 0.323583
1.32064 0.266421
1.03835 0.312528
1.31549 0.268734
1.04588 0.300883
1.31083 0.270977
1.05342 0.28865
1.30668 0.273105
1.06095 0.275829
1.30303 0.27508
1.06848 0.262419
1.29987 0.276868
1.07602 0.24842
1.29721 0.278437
1.08355 0.233832
1.29503 0.279764
1.09108 0.218656
1.29332 0.280828 
1.09862 0.202892
1.29208 0.281614
1.10615 0.186539
1.29131 0.282113
1.11368 0.169597
1.29099 0.28232
1.12122 0.152067
1.29112 0.282234
1.12875 0.133948
1.2917 0.281863
1.13629 0.11524
1.29271 0.281213
1.14382 0.095944
1.29416 0.280301
1.15135 0.0760592
1.29604 0.279144
1.15889 0.0555858
1.29834 0.277763
1.16642 0.0345239 
1.30106 0.276184
1.17357 0.0513734
1.3042 0.274436
1.18073 0.0676344
1.30774 0.27255
1.18788 0.0833068
1.31168 0.270558
1.19504 0.0983906
1.316 0.268495
1.20219 0.112886
1.32069 0.266398
1.20935 0.126792
1.32573 0.264301
1.2165 0.14011
1.3311 0.262242
1.22366 0.15284 
1.33678 0.260255
1.23081 0.16498
1.34274 0.258372
1.23796 0.176533
1.34895 0.256625
1.24512 0.187496
1.35538 0.255042
1.25227 0.197871
1.36198 0.253646
1.25943 0.207657
1.36874 0.252459
1.26658 0.216855
1.37559 0.251495
1.27374 0.225464
1.3825 0.250767
1.28089 0.233485
1.38944 0.250279
1.28805 0.240917
1.39635 0.250033
1.2952 0.24776
1.4032 0.250026
1.30235 0.254015
1.40994 0.250247
1.30951 0.259681
1.41654 0.250685
1.31666 0.264759
1.42296 0.251322
1.32382 0.269248
1.42917 0.252138
1.33097 0.273148
1.43513 0.253109
1.33813 0.27646
1.44081 0.254208
1.34528 0.279183 
1.4462 0.255409
1.35244 0.281318
1.45127 0.256682
1.35959 0.282864
1.456 0.257999
1.34907 0.288336
1.46063 0.25941
1.33856 0.29322
1.46488 0.260817
1.32804 0.297515
1.46876 0.26219
1.31752 0.301222
1.47224 0.263503
1.30701 0.30434
1.47533 0.26473
1.29649 0.30687
1.47803 0.265848
1.28597 0.308811
1.48032 0.266838 
1.27546 0.310163
1.48222 0.267682
1.26494 0.310927
1.48372 0.268367
1.25442 0.311102
1.48483 0.268882
1.24391 0.310689
1.48555 0.26922
1.23339 0.309687
1.48588 0.269377
1.22287 0.308096
1.48583 0.269352
1.21235 0.305917
1.4854 0.269149
1.20184 0.303149
1.4846 0.268773
1.19132 0.299792
1.48343 0.268232 
1.1808 0.295847
1.4819 0.267539
1.17029 0.291314
1.48002 0.266707
1.15977 0.286191
1.4778 0.265753
1.14925 0.280481
1.47524 0.264694
1.13874 0.274181
1.47236 0.263549
1.12822 0.267293
1.46917 0.262341
1.1177 0.259816
1.46568 0.261091
1.10719 0.251751
1.4619 0.259821
1.09667 0.243097
1.45786 0.258553
1.08615 0.233855
1.45357 0.257309 
1.07564 0.224024
1.44906 0.256111
1.06512 0.213604
1.44435 0.254978
1.0546 0.202596
1.43945 0.25393
1.04408 0.190999
1.43441 0.252982
1.03357 0.178814
1.42923 0.252148
1.02305 0.16604
1.42397 0.251441
1.01253 0.152677
1.41863 0.25087
1.00202 0.138726
1.41326 0.25044
0.9915 0.124186
1.40788 0.250155 
0.980983 0.109057
1.40252 0.250016
0.970466 0.0933403
1.39722 0.250019
0.959949 0.0770347
1.392 0.25016
0.949432 0.0601404
1.38689 0.25043
0.938916 0.0426576
1.38191 0.25082
0.928713 0.0566439
1.37709 0.251316
0.918511 0.0700415
1.37246 0.251905
0.908309 0.0828506
1.36804 0.252571
0.898107 0.0950711
1.36384 0.253297
0.887905 0.106703 
1.35987 0.254066
0.877702 0.117746
1.35617 0.254862
0.8675 0.128201
1.35274 0.255665
0.857298 0.138067
1.34958 0.256459
0.847096 0.147344
1.34672 0.257229
0.836894 0.156033 
1.34415 0.257957 
0.826691 0.164134
1.34188 0.258631
0.816489 0.171645
1.33992 0.259237
0.806287 0.178568
1.33827 0.259765
0.796085 0.184903
1.33693 0.260205
0.785883 0.190649
1.3359 0.26055
0.775681 0.195806
1.33518 0.260795 
0.765478 0.200375
1.33477 0.260936
0.755276 0.204355
1.33467 0.260972
0.745074 0.207746
1.33486 0.260904
0.734872 0.210549
1.33536 0.260734
0.72467 0.212763
1.33615 0.260466
0.714467 0.214389
1.33722 0.260108
0.704265 0.215426
1.33858 0.259665
0.694063 0.215875
1.34021 0.259148
0.683861 0.215735
1.34209 0.258566 
0.673659 0.215006
1.34424 0.257931
0.663456 0.213689
1.34662 0.257255
0.653254 0.211783
1.34923 0.25655
0.643052 0.209288
1.35207 0.255829
0.63285 0.206205
1.3551 0.255106
0.622648 0.202533
1.35832 0.254392
0.612445 0.198273
1.36171 0.2537
0.602243 0.193424
1.36525 0.253042
0.592041 0.187987
1.36893 0.252428 
0.581839 0.18196
1.37272 0.251869
0.571637 0.175346
1.37661 0.251373
0.561435 0.168142
1.38057 0.250947
0.551232 0.16035
1.38458 0.250596
0.54103 0.15197
1.38862 0.250324
0.530828 0.143001
1.39267 0.250134
0.520626 0.133443
1.39671 0.250027
0.510424 0.123297
1.40072 0.250001
0.500221 0.112562
1.40468 0.250055 
0.490019 0.101238
1.40856 0.250183
0.479817 0.0893262
1.41234 0.250381
0.469615 0.0768255
1.41602 0.250642
0.459413 0.0637362
1.41956 0.250959
0.44921 0.0500583
1.42296 0.251323
0.439254 0.0610006
1.4262 0.251724
0.429298 0.0713543
1.42927 0.252154
0.419342 0.0811195
1.43215 0.252601
0.409386 0.090296
1.43484 0.253057
0.39943 0.0988839 
1.43731 0.253511
0.389474 0.106883
1.43958 0.253955
0.379519 0.114294
1.44162 0.254378
0.369563 0.121116
1.44343 0.254772
0.359607 0.12735
1.44501 0.25513
0.349651 0.132995
1.44635 0.255445
0.339695 0.138051
1.44746 0.255712
0.329739 0.142519
1.44832 0.255925
0.319783 0.146398
1.44895 0.256082
0.309827 0.149688
1.44933 0.25618 
0.299871 0.15239
1.44948 0.256218
0.289915 0.154504
1.44939 0.256195
0.279959 0.156028
1.44907 0.256114
0.270003 0.156964
1.44853 0.255976
0.260047 0.157312
1.44775 0.255785
0.250091 0.157071
1.44677 0.255545
0.240135 0.156241 
1.44557 0.25526
0.230179 0.154823
1.44416 0.254937
0.220223 0.152816
1.44257 0.254582
0.210267 0.150221
1.44078 0.254202
0.200311 0.147037
1.43882 0.253804
0.190355 0.143264
1.4367 0.253396
0.180399 0.138903
1.43442 0.252984
0.170443 0.133953
1.432 0.252576
0.160487 0.128414
1.42945 0.25218 
0.150531 0.122287
1.42679 0.251802
0.140575 0.115572
1.42402 0.251448
0.130619 0.108267
1.42117 0.251123
0.120663 0.100375
1.41825 0.250834
0.110707 0.0918931
1.41527 0.250584
0.100751 0.082823
1.41225 0.250375
0.0907949 0.0731643
1.4092 0.250212
0.0808389 0.0629171
1.40615 0.250095
0.0708829 0.0520812 
1.4031 0.250024
0.0609269 0.0406567
1.40008 0.25
0.0511765 0.0497963
1.39709 0.250021
0.0412617 0.0424846
1.39416 0.250085
0.0314784 0.048334
1.39129 0.25019
0.0215899 0.0436545
1.3885 0.250331
0.0117856 0.0473981
1.38581 0.250504
0.00191389 0.0444032
1.38322 0.250705
-0.00790389 0.0467991
1.38074 0.250929
-0.0177648 0.0448824
1.3784 0.25117 
-0.0275912 0.0464158
1.37619 0.251423
-0.0374452 0.0451891
1.37412 0.251681
-0.0472772 0.0461704
1.37221 0.25194
-0.0571267 0.0453853
1.37046 0.252193
-0.0669622 0.0460134
1.36888 0.252436
-0.076809 0.045511
1.36747 0.252664
-0.0866467 0.0459129
1.36623 0.252872
-0.0964917 0.0455913
1.36517 0.253056
-0.106331 0.0458486
1.3643 0.253213
-0.116175 0.0456428
1.3636 0.25334 
-0.126015 0.0458074
1.36309 0.253435
-0.135858 0.0456757
1.36276 0.253497
-0.145698 0.0457811
1.36262 0.253524
-0.155541 0.0456968
1.36266 0.253518
-0.165382 0.0457642
1.36287 0.253477
-0.175224 0.0457103
1.36326 0.253404
-0.185066 0.0457535
1.36382 0.2533
-0.194908 0.0457189
1.36455 0.253167
-0.204749 0.0457465 
1.36544 0.253009
-0.214591 0.0457244
1.36648 0.252828
-0.224433 0.0457421
1.36768 0.252629
-0.234275 0.045728
1.36901 0.252415
-0.244116 0.0457393
1.37048 0.25219
-0.253958 0.0457302
1.37208 0.251958
-0.2638 0.0457375
1.37379 0.251725
-0.273642 0.0457317
1.37561 0.251492
-0.283483 0.0457363
1.37753 0.251266
-0.293325 0.0457326
1.37953 0.25105
-0.303167 0.0457356
1.38161 0.250847
-0.313009 0.0457332
1.38376 0.25066
-0.32285 0.0457351
1.38596 0.250493
-0.332692 0.0457336
1.3882 0.250348
-0.342534 0.0457348
1.39048 0.250227
-0.352376 0.0457338
1.39277 0.250131
-0.362217 0.0457346
1.39507 0.250061
-0.372059 0.045734
1.39736 0.250017
-0.381901 0.0457345 
1.39964 0.25
-0.391743 0.0457341
1.4019 0.250009
-0.401584 0.0457344
1.40411 0.250042
-0.411426 0.0457342
1.40628 0.250099
-0.421268 0.0457344
1.40839 0.250176
-0.43111 0.0457342
1.41043 0.250272
-0.440951 0.0457343
1.4124 0.250385
-0.450793 0.0457342
1.41427 0.25051
-0.460635 0.0457343
1.41606 0.250646
-0.470476 0.0457342
1.41774 0.250788 
-0.480318 0.0457343
1.41931 0.250935
-0.49016 0.0457343
1.42077 0.251082
-0.500002 0.0457343
1.42211 0.251226
-0.509843 0.0457343
1.42333 0.251365
-0.519685 0.0457343
1.42441 0.251496
-0.529527 0.0457343
1.42537 0.251615
-0.539369 0.0457343
1.42619 0.251722
-0.54921 0.0457343
1.42687 0.251813
-0.559052 0.0457343
1.42741 0.251887
-0.568894 0.0457343
1.42781 0.251943 
-0.578736 0.0457343
1.42808 0.251981
-0.588577 0.0457343
1.4282 0.251999
-0.598419 0.0457343
1.42819 0.251997
-0.608261 0.0457343
1.42804 0.251976
-0.618103 0.0457343
1.42776 0.251936
-0.627944 0.0457343
1.42735 0.251879
-0.637786 0.0457343
1.42681 0.251805
-0.647628 0.0457343
1.42615 0.251716
-0.65747 0.0457343
1.42537 0.251615 
-0.667311 0.0457343
1.42447 0.251503
-0.677153 0.0457343
1.42347 0.251382
-0.686995 0.0457343
1.42237 0.251254
-0.696837 0.0457343
1.42117 0.251123
-0.706678 0.0457343
1.41988 0.25099
-0.71652 0.0457343
1.41851 0.250858
-0.726362 0.0457343
1.41707 0.25073
-0.736204 0.0457343
1.41556 0.250606
-0.746045 0.0457343
1.41399 0.25049
-0.755887 0.0457343
1.41238 0.250384 
-0.765729 0.0457343
1.41072 0.250288
-0.775571 0.0457343
1.40904 0.250204
-0.785412 0.0457343
1.40732 0.250134
-0.795254 0.0457343
1.4056 0.250078
-0.805096 0.0457343
1.40386 0.250037
-0.814937 0.0457343
1.40213 0.250011
-0.824779 0.0457343
1.40042 0.25
-0.834621 0.0457343
1.39872 0.250004
-0.844463 0.0457343 
1.39704 0.250022
-0.854304 0.0457343
1.39541 0.250053
-0.864146 0.0457343
1.39381 0.250096
-0.873988 0.0457343
1.39227 0.250149