5 0.5 1.5
5 0.5 1.49905
5 0.5 1.49715 
5 0.5 1.4943
5 0.5 1.4905
5 0.5 1.48575 
5 0.5 1.48005
5 0.5 1.47339
5 0.5 1.46579
5 0.5 1.45724
5 0.5 1.44774 
5 0.5 1.43729
5 0.5 1.42589
5 0.5 1.41353
5 0.5 1.40023
5 0.5 1.38598 
5 0.5 1.37078
5 0.5 1.35462
5 0.5 1.33752
5 0.5 1.31947
5 0.5 1.30046
5 0.5 1.28051 
5 0.5 1.2596
5 0.5 1.23775
5 0.5 1.21495
5 0.5 1.19119 
5 0.5 1.16649
5 0.5 1.14083
5 0.5 1.11423
5 0.5 1.08667 
5 0.5 1.05817
5 0.5 1.02871
5 0.5 0.998304
5.09425 0.5 0.966948
5.28275 0.5 0.934642
5.5655 0.5 0.901386 
5.9425 0.5 0.867179
6.41375 0.5 0.832023
6.97925 0.5 0.795916
7.639 0.5 0.758859
8.393 0.5 0.720852
9.24125 0.5 0.681894
10.1837 0.5 0.641987
11.1262 0.5 0.601129
12.0687 0.5 0.559321 
13.0112 0.5 0.516563
13.9537 0.5 0.472854
14.8962 0.5 0.428196
15.8387 0.5 0.382587
16.7812 0.5 0.336028
17.7237 0.5 0.288519 
18.6662 0.5 0.24006
19.6087 0.5 0.190651
20.5512 0.5 0.140291
21.4937 0.5 0.0889813
22.4362 0.5 0.0367213
23.3787 0.5 -0.0164888
24.3212 0.5 -0.0706492
25.2637 0.5 -0.12576
26.2062 0.5 -0.18182
27.1487 0.5 -0.238831
28.0912 0.5 -0.296792 
29.0337 0.5 -0.355703
29.9762 0.5 -0.415565
30.9187 0.5 -0.476376
31.8612 0.5 -0.538138
32.8037 0.5 -0.60085
33.7462 0.5 -0.664512
34.6887 0.5 -0.729125
35.6312 0.5 -0.794687 
36.5726 0.5 -0.742237
37.5139 0.5 -0.690737
38.4552 0.5 -0.640188
39.3965 0.5 -0.590588
40.3378 0.5 -0.541939
41.2792 0.5 -0.49424 
42.2205 0.5 -0.447491
43.1618 0.5 -0.401692
44.1031 0.5 -0.356844
45.0444 0.5 -0.312945
45.9858 0.5 -0.269997
46.9271 0.5 -0.227999
47.8684 0.5 -0.186951 
48.8097 0.5 -0.146854
49.751 0.5 -0.107706
50.6924 0.5 -0.0695089
51.6337 0.5 -0.0322618 
52.575 0.5 0.00403507
53.5163 0.5 0.0393818
54.4576 0.5 0.0737784
55.399 0.5 0.107225
56.3403 0.5 0.139721 
57.2816 0.5 0.171267
58.2229 0.5 0.201863
59.1642 0.5 0.231508
60.1056 0.5 0.260204
61.0469 0.5 0.287949
61.9882 0.5 0.314744 
62.9295 0.5 0.340589
63.8708 0.5 0.365484
64.8122 0.5 0.389428
65.7535 0.5 0.412423
66.6948 0.5 0.434467 
67.6361 0.5 0.455561
68.5774 0.5 0.475705
69.5188 0.5 0.494899
70.4601 0.5 0.513142
71.4014 0.5 0.530435 
72.3427 0.5 0.546778
73.284 0.5 0.562171
74.2254 0.5 0.576614
75.1667 0.5 0.590107
76.108 0.5 0.602649
77.0493 0.5 0.614241 
77.9906 0.5 0.624883
78.932 0.5 0.634575
79.8733 0.5 0.643317
80.8146 0.5 0.651108 
81.7559 0.5 0.65795
82.6972 0.5 0.663841
83.6386 0.5 0.668782
84.5799 0.5 0.672772
85.5212 0.5 0.675813
86.4625 0.5 0.677903 
87.4038 0.5 0.679044
88.3452 0.5 0.679234
89.2865 0.5 0.678474
90.2278 0.5 0.676763
91.1691 0.5 0.674103
92.1104 0.5 0.670492 
93.0518 0.5 0.665931
93.9931 0.5 0.66042
94.9344 0.5 0.653959
95.8757 0.5 0.646547
96.817 0.5 0.638186
97.7584 0.5 0.628874 
98.6997 0.5 0.618612
99.641 0.5 0.6074
100.582 0.5 0.595238
101.524 0.5 0.582125 
102.465 0.5 0.568062
103.406 0.5 0.55305
104.348 0.5 0.537087
105.289 0.5 0.520173
106.23 0.5 0.50231
107.172 0.5 0.483496 
108.113 0.5 0.463733
109.054 0.5 0.443019
109.996 0.5 0.421355
110.937 0.5 0.39874